Sample Input:
19,126,10308,5,0,0:0:0:0:
356,144,10608,2,0,P|360:208|352:236,1,70
280,328,11208,1,0,0:0:0:0:
280,328,11508,2,0,P|273:225|286:181,1,140
360,296,12708,5,0,0:0:0:0:
360,296,13008,2,0,P|412:272|432:248,1,70
427,123,13608,1,0,0:0:0:0:
427,123,13908,2,0,L|419:287,1,140
400,352,15108,5,0,0:0:0:0:
400,352,15408,2,0,L|316:352,1,70
190,352,16008,1,0,0:0:0:0:
190,352,16308,2,0,L|335:352,1,140
188,252,17508,5,0,0:0:0:0:
188,252,17808,2,0,P|172:208|172:176,1,70
72,96,18408,1,0,0:0:0:0:
72,96,18708,2,0,P|118:104|145:120,1,70
265,73,19308,2,0,P|234:108|207:124,1,70
96,184,19908,5,0,0:0:0:0:
96,184,20208,2,0,L|96:264,1,70
221,240,20808,1,0,0:0:0:0:
221,240,21108,2,0,P|165:272|75:230,1,140
248,248,22308,5,0,0:0:0:0:
248,248,22608,2,0,P|288:228|320:232,1,70
300,304,23208,1,0,0:0:0:0:
300,304,23508,2,0,L|332:140,1,140
452,340,24708,5,0,0:0:0:0:
452,340,25008,2,0,L|456:252,1,70
392,224,25608,1,0,0:0:0:0:
392,224,25908,2,0,L|385:77,1,140
336,16,27108,5,0,0:0:0:0:
336,16,27408,2,0,P|304:52|304:84,1,70
324,204,28008,1,0,0:0:0:0:
324,204,28308,2,0,P|308:158|281:142,1,70
167,99,28908,2,0,P|214:108|241:92,1,70
108,168,29508,5,0,0:0:0:0:
108,168,29808,2,0,L|116:252,1,70
48,324,30408,1,0,0:0:0:0:
48,324,30708,2,0,L|193:310,1,140
296,260,31908,5,0,0:0:0:0:
296,260,32208,2,0,P|360:240|384:248,1,70
480,280,32808,1,0,0:0:0:0:
480,280,33108,2,0,P|368:314|326:300,1,140
308,244,34308,5,0,0:0:0:0:
308,244,34608,2,0,P|312:204|348:168,1,70
462,205,35208,1,0,0:0:0:0:
462,205,35508,2,0,P|410:181|322:181,1,140
224,32,36708,5,0,0:0:0:0:
224,32,37008,2,0,L|216:120,1,70
140,128,37608,1,0,0:0:0:0:
140,128,37908,2,0,L|148:216,1,70
232,220,38508,2,0,L|224:308,1,70
225,289,39108,5,4,0:0:0:0:
336,109,47166,5,14,0:0:0:0:
337,143,47241,1,0,0:0:0:0:
338,178,47316,1,10,0:0:0:0:
339,213,47391,1,0,0:0:0:0:
341,248,47466,2,0,L|343:300,3,35,10|0|10|0,0:0|0:0|0:0|0:0,0:0:0:0:
449,225,47766,2,0,L|403:201,3,35,10|0|10|0,0:0|0:0|0:0|0:0,0:0:0:0:
415,330,48066,2,0,L|458:302,3,35,10|0|10|0,0:0|0:0|0:0|0:0,0:0:0:0:
285,339,48366,5,14,0:0:0:0:
258,316,48441,1,0,0:0:0:0:
225,304,48516,1,10,0:0:0:0:
190,304,48591,1,0,0:0:0:0:
157,315,48666,2,0,P|139:327|122:348,3,35,10|0|10|0,0:0|0:0|0:0|0:0,0:0:0:0:
285,339,48966,2,0,P|284:317|274:291,3,35,10|0|10|0,0:0|0:0|0:0|0:0,0:0:0:0:
238,162,49266,2,0,P|222:146|197:136,3,35,10|0|10|0,0:0|0:0|0:0|0:0,0:0:0:0:
228,237,49566,5,14,0:0:0:0:
262,234,49641,1,0,0:0:0:0:
292,216,49716,1,10,0:0:0:0:
310,186,49791,1,0,0:0:0:0:
312,151,49866,2,0,L|306:97,3,35,10|0|10|0,0:0|0:0|0:0|0:0,0:0:0:0:
274,21,50166,2,0,L|267:75,3,35,10|0|10|0,0:0|0:0|0:0|0:0,0:0:0:0:
238,162,50466,2,0,L|231:107,3,35,10|0|10|0,0:0|0:0|0:0|0:0,0:0:0:0:
199,9,50766,5,14,0:0:0:0:
168,25,50841,1,0,0:0:0:0:
133,28,50916,1,10,0:0:0:0:
100,19,50991,1,0,0:0:0:0:
72,0,51066,1,10,0:0:0:0:
88,30,51141,1,0,0:0:0:0:
91,65,51216,1,10,0:0:0:0:
82,98,51291,1,0,0:0:0:0:
62,126,51366,6,0,L|18:136,1,35,10|0,0:0|0:0,0:0:0:0:
97,252,51516,2,0,L|89:217,1,35,10|0,0:0|0:0,0:0:0:0:
173,149,51666,6,0,L|129:159,1,35,10|0,0:0|0:0,0:0:0:0:
208,275,51816,2,0,L|200:240,1,35,10|0,0:0|0:0,0:0:0:0:
284,172,51966,5,14,0:0:0:0:
318,172,52041,1,0,0:0:0:0:
353,173,52116,1,10,0:0:0:0:
388,173,52191,1,0,0:0:0:0:
423,174,52266,2,0,L|472:175,3,35,10|0|10|0,0:0|0:0|0:0|0:0,0:0:0:0:
380,62,52566,2,0,L|355:103,3,35,10|0|10|0,0:0|0:0|0:0|0:0,0:0:0:0:
499,80,52866,2,0,L|475:38,3,35,10|0|10|0,0:0|0:0|0:0|0:0,0:0:0:0:
430,237,53166,5,14,0:0:0:0:
421,270,53241,1,0,0:0:0:0:
425,305,53316,1,10,0:0:0:0:
440,336,53391,1,0,0:0:0:0:
465,360,53466,2,0,P|468:337|465:314,3,35,10|0|10|0,0:0|0:0|0:0|0:0,0:0:0:0:
430,237,53766,2,0,P|416:218|397:204,3,35,10|0|10|0,0:0|0:0|0:0|0:0,0:0:0:0:
318,174,54066,2,0,P|295:170|271:174,3,35,10|0|10|0,0:0|0:0|0:0|0:0,0:0:0:0:
264,370,54366,5,14,0:0:0:0:
289,346,54441,1,0,0:0:0:0:
304,315,54516,1,10,0:0:0:0:
308,280,54591,1,0,0:0:0:0:
299,247,54666,2,0,L|274:306,3,35,10|0|10|0,0:0|0:0|0:0|0:0,0:0:0:0:
197,343,54966,2,0,L|222:284,3,35,10|0|10|0,0:0|0:0|0:0|0:0,0:0:0:0:
205,198,55266,2,0,L|180:257,3,35,10|0|10|0,0:0|0:0|0:0|0:0,0:0:0:0:
112,303,55566,5,14,0:0:0:0:
91,273,55641,1,0,0:0:0:0:
83,239,55716,1,10,0:0:0:0:
86,204,55791,1,0,0:0:0:0:
100,173,55866,1,10,0:0:0:0:
114,141,55941,1,0,0:0:0:0:
118,106,56016,1,10,0:0:0:0:
110,72,56091,1,0,0:0:0:0:
90,43,56166,6,0,L|53:8,1,35,10|0,0:0|0:0,0:0:0:0:
196,44,56316,2,0,L|231:7,1,35,10|0,0:0|0:0,0:0:0:0:
42,104,56466,2,0,L|5:69,1,35,10|0,0:0|0:0,0:0:0:0:
247,102,56616,2,0,L|282:65,1,35,10|0,0:0|0:0,0:0:0:0:
191,230,56766,5,4,0:0:0:0:
346,107,56916,1,0,0:0:0:0:
186,153,57066,5,4,0:0:0:0:
423,159,57216,1,0,0:0:0:0:
240,77,57366,5,4,0:0:0:0:
453,265,57516,1,0,0:0:0:0:
349,32,57666,5,4,0:0:0:0:
402,383,57816,1,0,0:0:0:0:
268,257,57966,5,4,0:0:0:0:
232,236,58041,1,0,0:0:0:0:
191,230,58116,1,0,0:0:0:0:
150,238,58191,1,0,0:0:0:0:
115,261,58266,1,2,0:0:0:0:
154,272,58341,1,2,0:0:0:0:
193,258,58416,1,2,0:0:0:0:
215,223,58491,1,2,0:0:0:0:
213,182,58566,5,6,0:0:0:0:
200,139,58641,1,0,0:0:0:0:
212,95,58716,1,0,0:0:0:0:
246,64,58791,1,0,0:0:0:0:
291,57,58866,1,2,0:0:0:0:
333,75,58941,1,0,0:0:0:0:
358,112,59016,1,0,0:0:0:0:
360,158,59091,1,0,0:0:0:0:
336,197,59166,6,0,L|323:114,1,83.9999974365235,4|10,0:0|0:0,0:0:0:0:
508,181,59466,1,0,0:0:0:0:
386,267,59616,1,10,0:0:0:0:
386,267,59691,1,0,0:0:0:0:
386,267,59766,2,0,L|330:275,1,41.9999987182618
259,285,59916,1,10,0:0:0:0:
422,189,60066,1,0,0:0:0:0:
310,351,60216,5,10,0:0:0:0:
287,362,60291,1,0,0:0:0:0:
263,367,60366,1,0,0:0:0:0:
238,364,60441,1,0,0:0:0:0:
215,354,60516,1,10,0:0:0:0:
196,337,60591,1,0,0:0:0:0:
183,316,60666,6,0,B|179:257|179:257|182:255|182:255|178:190,1,125.999996154785
175,119,60966,1,0,0:0:0:0:
81,246,61116,1,10,0:0:0:0:
244,154,61266,1,0,0:0:0:0:
68,172,61416,1,10,0:0:0:0:
313,189,61566,6,0,P|321:158|290:92,1,56,4|0,0:0|0:0,0:0:0:0:
249,233,61716,2,0,P|271:255|344:261,1,56,10|0,0:0|0:0,0:0:0:0:
244,154,61866,1,0,0:0:0:0:
207,167,61941,1,0,0:0:0:0:
181,196,62016,1,10,0:0:0:0:
173,233,62091,1,0,0:0:0:0:
184,271,62166,2,0,L|232:341,1,56
260,383,62316,1,10,0:0:0:0:
399,210,62466,6,0,P|381:236|375:284,1,56
434,326,62616,2,0,P|452:300|458:251,1,56,10|0,0:0|0:0,0:0:0:0:
452,153,62766,1,0,0:0:0:0:
292,287,62916,2,0,P|333:332|454:305,1,168,10|0,0:0|0:0,0:0:0:0:
433,325,63216,1,10,0:0:0:0:
313,189,63366,1,0,0:0:0:0:
260,383,63516,1,10,0:0:0:0:
399,210,63666,2,0,B|383:147|383:147|360:122|360:122|337:49,1,168
211,45,63966,6,0,L|239:150,1,83.9999974365235,4|10,0:0|0:0,0:0:0:0:
339,56,64266,1,0,0:0:0:0:
169,225,64416,1,10,0:0:0:0:
169,225,64491,1,0,0:0:0:0:
169,225,64566,1,0,0:0:0:0:
313,189,64716,1,10,0:0:0:0:
149,109,64866,1,0,0:0:0:0:
286,277,65016,5,10,0:0:0:0:
309,281,65091,1,0,0:0:0:0:
335,279,65166,1,0,0:0:0:0:
358,270,65241,1,0,0:0:0:0:
378,255,65316,1,10,0:0:0:0:
392,234,65391,1,0,0:0:0:0:
399,210,65466,6,0,B|405:159|436:130|436:130|441:163|459:181,1,125.999996154785
511,123,65766,1,0,0:0:0:0:
470,261,65916,1,10,0:0:0:0:
354,51,66066,1,0,0:0:0:0:
313,189,66216,1,10,0:0:0:0:
445,55,66366,6,0,L|532:40,1,56,4|0,0:0|0:0,0:0:0:0:
349,124,66516,2,0,L|262:109,1,56,10|0,0:0|0:0,0:0:0:0:
144,15,66666,1,0,0:0:0:0:
182,21,66741,1,0,0:0:0:0:
221,28,66816,1,10,0:0:0:0:
259,34,66891,1,0,0:0:0:0:
298,41,66966,2,0,L|385:56,1,56
202,110,67116,1,10,0:0:0:0:
425,127,67266,6,0,P|416:163|372:195,1,56
237,219,67416,2,0,P|272:208|322:230,1,56,10|0,0:0|0:0,0:0:0:0:
410,335,67566,2,0,P|374:300|366:227,1,112,0|10,0:0|0:0,0:0:0:0:
489,331,67866,1,10,0:0:0:0:
449,333,67941,1,10,0:0:0:0:
410,335,68016,1,10,0:0:0:0:
371,336,68091,1,10,0:0:0:0:
332,338,68166,6,0,L|270:340,1,56,2|0,0:0|0:0,0:0:0:0:
204,213,68316,2,0,L|206:275,1,56,2|0,0:0|0:0,0:0:0:0:
438,253,68466,2,0,B|401:266|362:245|362:245|335:265|335:265|300:255|266:267,1,168,2|0,0:0|0:0,0:0:0:0:
406,97,68766,6,0,P|417:145|401:194,1,83.9999974365235,4|10,0:0|0:0,0:0:0:0:
280,263,69066,1,0,0:0:0:0:
338,140,69216,1,10,0:0:0:0:
338,140,69291,1,0,0:0:0:0:
338,140,69366,1,0,0:0:0:0:
207,211,69516,1,10,0:0:0:0:
363,246,69666,1,0,0:0:0:0:
280,64,69816,1,10,0:0:0:0:
122,195,69966,6,0,P|138:155|116:97,1,83.9999974365235,0|10,0:0|0:0,0:0:0:0:
62,269,70266,2,0,L|169:280,1,83.9999974365235,0|10,0:0|0:0,0:0:0:0:
64,151,70566,1,0,0:0:0:0:
207,211,70716,1,10,0:0:0:0:
51,179,70866,1,0,0:0:0:0:
208,178,71016,1,10,0:0:0:0:
36,336,71166,6,0,L|47:229,1,83.9999974365235,0|10,0:0|0:0,0:0:0:0:
51,179,71391,1,0,0:0:0:0:
51,179,71466,1,0,0:0:0:0:
145,277,71616,1,10,0:0:0:0:
130,116,71766,1,0,0:0:0:0:
44,252,71916,1,10,0:0:0:0:
52,97,72066,1,0,0:0:0:0:
112,351,72216,1,10,0:0:0:0:
208,135,72366,6,0,L|214:45,1,83.9999974365235,0|10,0:0|0:0,0:0:0:0:
380,198,72666,2,0,L|374:108,1,83.9999974365235,0|10,0:0|0:0,0:0:0:0:
130,116,72966,2,0,L|136:26,1,83.9999974365235,0|10,0:0|0:0,0:0:0:0:
463,133,73266,2,0,L|457:223,1,83.9999974365235,0|10,0:0|0:0,0:0:0:0:
316,255,73566,6,0,P|349:285|352:343,1,83.9999974365235,4|10,0:0|0:0,0:0:0:0:
202,321,73866,2,0,P|244:307|296:333,1,83.9999974365235,0|10,0:0|0:0,0:0:0:0:
130,384,74166,1,0,0:0:0:0:
135,264,74316,1,10,0:0:0:0:
242,379,74466,1,0,0:0:0:0:
249,187,74616,1,10,0:0:0:0:
83,322,74766,6,0,L|-13:329,1,83.9999974365235,0|10,0:0|0:0,0:0:0:0:
164,181,75066,2,0,L|68:174,1,83.9999974365235,0|10,0:0|0:0,0:0:0:0:
202,321,75366,1,0,0:0:0:0:
204,112,75516,1,10,0:0:0:0:
135,264,75666,1,0,0:0:0:0:
249,187,75816,1,10,0:0:0:0:
125,66,75966,5,14,0:0:0:0:
155,38,76041,1,10,0:0:0:0:
195,25,76116,1,10,0:0:0:0:
236,31,76191,1,10,0:0:0:0:
271,54,76266,1,10,0:0:0:0:
305,76,76341,1,10,0:0:0:0:
347,82,76416,1,10,0:0:0:0:
386,70,76491,1,10,0:0:0:0:
417,42,76566,5,14,0:0:0:0:
410,83,76641,1,10,0:0:0:0:
404,125,76716,1,10,0:0:0:0:
398,166,76791,1,10,0:0:0:0:
392,208,76866,5,2,0:0:0:0:
385,204,76941,1,0,0:0:0:0:
378,199,77016,1,0,0:0:0:0:
370,195,77091,1,0,0:0:0:0:
363,191,77166,5,12,0:0:0:0:
269,264,77316,1,12,0:0:0:0:
204,112,77466,1,12,0:0:0:0:
363,191,77766,5,12,0:0:0:0:
250,278,77916,1,12,0:0:0:0:
172,96,78066,1,12,0:0:0:0:
363,191,78366,6,0,L|355:280,1,83.9999974365235,4|10,0:0|0:0,0:0:0:0:
501,159,78666,1,0,0:0:0:0:
285,187,78816,1,10,0:0:0:0:
285,187,78891,1,0,0:0:0:0:
285,187,78966,2,0,L|289:142,1,41.9999987182618
299,19,79116,1,10,0:0:0:0:
363,191,79266,1,0,0:0:0:0:
246,29,79416,5,10,0:0:0:0:
271,17,79491,1,0,0:0:0:0:
299,19,79566,1,0,0:0:0:0:
322,34,79641,1,0,0:0:0:0:
345,49,79716,1,10,0:0:0:0:
373,51,79791,1,0,0:0:0:0:
398,39,79866,6,0,B|417:106|417:106|414:108|414:108|437:184,1,125.999996154785
452,233,80166,1,0,0:0:0:0:
484,81,80316,1,10,0:0:0:0:
282,98,80466,1,0,0:0:0:0:
501,159,80616,1,10,0:0:0:0:
285,187,80766,6,0,P|316:184|371:223,1,56,4|0,0:0|0:0,0:0:0:0:
276,383,80916,2,0,P|257:357|264:290,1,56,10|0,0:0|0:0,0:0:0:0:
452,233,81066,1,0,0:0:0:0:
442,259,81141,1,0,0:0:0:0:
427,282,81216,1,10,0:0:0:0:
406,301,81291,1,0,0:0:0:0:
382,314,81366,2,0,L|293:334,1,56
206,267,81516,1,10,0:0:0:0:
337,135,81666,6,0,L|339:205,1,56
204,140,81816,2,0,L|206:70,1,56,10|0,0:0|0:0,0:0:0:0:
306,256,81966,1,0,0:0:0:0:
120,66,82116,2,0,P|153:17|283:40,1,168,10|0,0:0|0:0,0:0:0:0:
254,12,82416,1,10,0:0:0:0:
117,149,82566,1,0,0:0:0:0:
55,15,82716,1,10,0:0:0:0:
205,84,82866,2,0,B|249:106|286:97|286:97|322:128|384:122,1,168
474,12,83166,6,0,L|461:112,1,83.9999974365235,4|10,0:0|0:0,0:0:0:0:
348,29,83466,1,0,0:0:0:0:
473,175,83616,1,10,0:0:0:0:
473,175,83691,1,0,0:0:0:0:
473,175,83766,2,0,L|415:167,1,41.9999987182618
306,151,83916,1,10,0:0:0:0:
431,290,84066,1,0,0:0:0:0:
369,100,84216,5,10,0:0:0:0:
350,83,84291,1,0,0:0:0:0:
327,73,84366,1,0,0:0:0:0:
302,70,84441,1,0,0:0:0:0:
277,75,84516,1,10,0:0:0:0:
255,87,84591,1,0,0:0:0:0:
238,105,84666,6,0,B|189:180|189:180|149:215,1,125.999996154785
96,238,84966,1,0,0:0:0:0:
116,114,85116,1,10,0:0:0:0:
224,256,85266,1,0,0:0:0:0:
52,163,85416,1,10,0:0:0:0:
306,151,85566,6,0,L|312:244,1,56,4|0,0:0|0:0,0:0:0:0:
287,362,85716,2,0,L|293:269,1,56,10|0,0:0|0:0,0:0:0:0:
382,108,85866,1,0,0:0:0:0:
384,147,85941,1,0,0:0:0:0:
387,186,86016,1,10,0:0:0:0:
389,225,86091,1,0,0:0:0:0:
392,264,86166,2,0,L|398:357,1,56
226,178,86316,1,10,0:0:0:0:
437,233,86466,6,0,P|414:255|359:263,1,56
332,84,86616,2,0,P|362:92|396:136,1,56,10|0,0:0|0:0,0:0:0:0:
268,250,86766,2,0,P|300:209|301:135,1,112,4|10,0:0|0:0,0:0:0:0:
182,252,87066,1,10,0:0:0:0:
192,289,87141,1,10,0:0:0:0:
217,318,87216,1,10,0:0:0:0:
253,334,87291,1,10,0:0:0:0:
292,333,87366,6,0,L|370:329,3,56,2|0|0|0,0:0|0:0|0:0|0:0,0:0:0:0:
437,233,87666,2,0,L|359:228,3,56,2|0|0|0,0:0|0:0|0:0|0:0,0:0:0:0:
231,97,87966,6,0,P|217:141|245:203,1,83.9999974365235,4|10,0:0|0:0,0:0:0:0:
381,229,88266,1,0,0:0:0:0:
305,150,88416,1,10,0:0:0:0:
305,150,88491,1,0,0:0:0:0:
305,150,88566,1,0,0:0:0:0:
253,334,88716,1,10,0:0:0:0:
386,149,88866,1,0,0:0:0:0:
182,252,89016,1,10,0:0:0:0:
455,194,89166,6,0,L|464:96,1,83.9999974365235,0|10,0:0|0:0,0:0:0:0:
284,249,89466,2,0,L|293:347,1,83.9999974365235,0|10,0:0|0:0,0:0:0:0:
386,149,89766,1,0,0:0:0:0:
407,313,89916,1,10,0:0:0:0:
354,163,90066,1,0,0:0:0:0:
442,302,90216,1,10,0:0:0:0:
317,96,90366,6,0,P|280:137|285:189,1,83.9999974365235,4|10,0:0|0:0,0:0:0:0:
277,163,90591,1,0,0:0:0:0:
277,163,90666,1,0,0:0:0:0:
416,85,90816,1,10,0:0:0:0:
306,12,90966,1,0,0:0:0:0:
354,163,91116,1,10,0:0:0:0:
388,12,91266,1,0,0:0:0:0:
197,138,91416,1,10,0:0:0:0:
492,110,91566,6,0,L|496:18,1,83.9999974365235,0|10,0:0|0:0,0:0:0:0:
277,163,91866,2,0,L|281:255,1,83.9999974365235,0|10,0:0|0:0,0:0:0:0:
416,85,92166,2,0,L|420:-7,1,83.9999974365235,0|10,0:0|0:0,0:0:0:0:
197,138,92466,2,0,L|201:230,1,83.9999974365235,0|10,0:0|0:0,0:0:0:0:
433,186,92766,6,0,P|394:179|336:201,1,83.9999974365235,4|10,0:0|0:0,0:0:0:0:
298,120,93066,2,0,P|272:150|262:211,1,83.9999974365235,0|10,0:0|0:0,0:0:0:0:
324,322,93366,1,0,0:0:0:0:
351,190,93516,1,10,0:0:0:0:
226,263,93666,1,0,0:0:0:0:
397,262,93816,1,10,0:0:0:0:
153,129,93966,6,0,L|157:221,1,83.9999974365235,4|10,0:0|0:0,0:0:0:0:
381,116,94266,2,0,L|297:119,1,83.9999974365235,0|10,0:0|0:0,0:0:0:0:
226,263,94566,1,0,0:0:0:0:
226,124,94716,1,10,0:0:0:0:
397,262,94866,1,0,0:0:0:0:
454,135,95016,1,10,0:0:0:0:
279,341,95166,5,14,0:0:0:0:
239,354,95241,1,10,0:0:0:0:
198,350,95316,1,10,0:0:0:0:
162,328,95391,1,10,0:0:0:0:
140,293,95466,1,10,0:0:0:0:
117,258,95541,1,10,0:0:0:0:
81,236,95616,1,10,0:0:0:0:
40,231,95691,1,10,0:0:0:0:
1,245,95766,5,14,0:0:0:0:
39,276,95841,1,10,0:0:0:0:
88,286,95916,1,10,0:0:0:0:
136,273,95991,1,10,0:0:0:0:
174,240,96066,1,10,0:0:0:0:
191,193,96141,1,10,0:0:0:0:
186,144,96216,1,10,0:0:0:0:
159,102,96291,1,10,0:0:0:0:
116,77,96366,5,12,0:0:0:0:
72,179,96516,1,12,0:0:0:0:
277,86,96666,1,12,0:0:0:0:
116,77,96966,5,12,0:0:0:0:
60,204,97116,1,12,0:0:0:0:
317,87,97266,1,12,0:0:0:0:
260,279,97566,5,14,0:0:0:0:
230,296,97641,1,0,0:0:0:0:
197,301,97716,1,0,0:0:0:0:
164,293,97791,1,0,0:0:0:0:
136,273,97866,1,10,0:0:0:0:
166,256,97941,1,0,0:0:0:0:
199,251,98016,1,0,0:0:0:0:
232,259,98091,1,0,0:0:0:0:
260,279,98166,5,10,0:0:0:0:
295,304,98241,1,0,0:0:0:0:
336,314,98316,1,0,0:0:0:0:
377,307,98391,1,0,0:0:0:0:
415,286,98466,1,10,0:0:0:0:
367,276,98541,1,0,0:0:0:0:
329,246,98616,1,0,0:0:0:0:
311,201,98691,1,0,0:0:0:0:
316,153,98766,6,0,P|323:125|339:99,3,48.9999985046387,10|0|0|0,0:0|0:0|0:0|0:0,0:0:0:0:
394,161,99066,5,10,0:0:0:0:
412,132,99141,1,0,0:0:0:0:
418,99,99216,1,0,0:0:0:0:
409,66,99291,1,0,0:0:0:0:
387,39,99366,1,10,0:0:0:0:
357,25,99441,1,0,0:0:0:0:
323,24,99516,1,0,0:0:0:0:
291,37,99591,1,0,0:0:0:0:
268,62,99666,5,10,0:0:0:0:
228,62,99741,1,0,0:0:0:0:
189,63,99816,1,0,0:0:0:0:
150,64,99891,1,0,0:0:0:0:
126,92,99966,6,0,L|63:92,3,48.9999985046387,10|0|0|0,0:0|0:0|0:0|0:0,0:0:0:0:
155,198,100266,5,10,0:0:0:0:
176,218,100341,1,0,0:0:0:0:
190,244,100416,1,0,0:0:0:0:
195,273,100491,1,0,0:0:0:0:
185,304,100566,5,10,0:0:0:0:
172,261,100641,1,0,0:0:0:0:
177,218,100716,1,0,0:0:0:0:
198,179,100791,1,0,0:0:0:0:
233,152,100866,1,10,0:0:0:0:
267,124,100941,1,0,0:0:0:0:
288,86,101016,1,0,0:0:0:0:
293,42,101091,1,0,0:0:0:0:
281,0,101166,6,0,L|271:59,3,48.9999985046387,10|0|0|0,0:0|0:0|0:0|0:0,0:0:0:0:
395,185,101466,2,0,L|385:126,1,48.9999985046387,10|0,0:0|0:0,0:0:0:0:
370,40,101616,1,10,0:0:0:0:
283,255,101766,1,10,0:0:0:0:
188,62,101916,1,10,0:0:0:0:
443,84,102066,1,10,0:0:0:0:
444,79,102141,1,10,0:0:0:0:
445,76,102216,1,10,0:0:0:0:
446,72,102291,1,10,0:0:0:0:
447,68,102366,6,0,L|465:176,1,97.9999970092774,14|0,0:0|0:0,0:0:0:0:
378,281,102666,2,0,L|396:172,1,97.9999970092774,10|0,0:0|0:0,0:0:0:0:
459,324,102966,1,10,0:0:0:0:
423,357,103041,1,0,0:0:0:0:
376,369,103116,1,0,0:0:0:0:
330,355,103191,1,0,0:0:0:0:
296,320,103266,5,10,0:0:0:0:
262,285,103341,1,0,0:0:0:0:
215,271,103416,1,0,0:0:0:0:
168,283,103491,1,0,0:0:0:0:
133,316,103566,2,0,L|127:375,3,48.9999985046387,10|0|0|0,0:0|0:0|0:0|0:0,0:0:0:0:
215,271,103866,2,0,L|209:212,3,48.9999985046387,10|0|0|0,0:0|0:0|0:0|0:0,0:0:0:0:
296,320,104166,2,0,L|290:379,3,48.9999985046387,10|0|0|0,0:0|0:0|0:0|0:0,0:0:0:0:
378,275,104466,2,0,L|372:216,3,48.9999985046387,10|0|0|0,0:0|0:0|0:0|0:0,0:0:0:0:
283,195,104766,5,10,0:0:0:0:
249,214,104841,1,0,0:0:0:0:
210,222,104916,1,0,0:0:0:0:
172,217,104991,1,0,0:0:0:0:
136,200,105066,2,0,P|112:183|97:166,1,48.9999985046387,10|0,0:0|0:0,0:0:0:0:
211,154,105216,5,0,0:0:0:0:
210,188,105291,1,0,0:0:0:0:
210,222,105366,1,10,0:0:0:0:
210,257,105441,1,0,0:0:0:0:
209,291,105516,2,0,L|208:355,1,48.9999985046387
332,326,105666,5,10,0:0:0:0:
307,351,105741,1,0,0:0:0:0:
278,367,105816,1,0,0:0:0:0:
244,375,105891,1,0,0:0:0:0:
210,374,105966,2,0,P|184:368|144:346,1,48.9999985046387,10|0,0:0|0:0,0:0:0:0:
89,369,106116,5,0,0:0:0:0:
89,330,106191,1,0,0:0:0:0:
89,291,106266,1,10,0:0:0:0:
88,252,106341,1,0,0:0:0:0:
88,213,106416,1,0,0:0:0:0:
88,173,106491,1,0,0:0:0:0:
88,133,106566,6,0,L|87:78,1,48.9999985046387,10|0,0:0|0:0,0:0:0:0:
222,125,106716,2,0,L|167:126,1,48.9999985046387
159,1,106866,6,0,L|159:54,1,52.5,10|0,0:0|0:0,0:0:0:0:
237,55,107166,5,14,0:0:0:0:
215,67,107241,1,0,0:0:0:0:
197,83,107316,1,0,0:0:0:0:
182,102,107391,1,0,0:0:0:0:
172,125,107466,1,10,0:0:0:0:
166,148,107541,1,0,0:0:0:0:
165,173,107616,1,0,0:0:0:0:
169,197,107691,1,0,0:0:0:0:
178,220,107766,5,10,0:0:0:0:
207,202,107841,1,0,0:0:0:0:
240,196,107916,1,0,0:0:0:0:
273,204,107991,1,0,0:0:0:0:
301,224,108066,1,10,0:0:0:0:
328,243,108141,1,0,0:0:0:0:
361,251,108216,1,0,0:0:0:0:
395,246,108291,1,0,0:0:0:0:
424,228,108366,6,0,L|420:173,3,48.9999985046387,10|0|0|0,0:0|0:0|0:0|0:0,0:0:0:0:
345,154,108666,5,10,0:0:0:0:
324,126,108741,1,0,0:0:0:0:
314,94,108816,1,0,0:0:0:0:
316,59,108891,1,0,0:0:0:0:
329,28,108966,5,10,0:0:0:0:
347,74,109041,1,0,0:0:0:0:
342,122,109116,1,0,0:0:0:0:
317,164,109191,1,0,0:0:0:0:
276,190,109266,1,10,0:0:0:0:
234,215,109341,1,0,0:0:0:0:
209,257,109416,1,0,0:0:0:0:
204,305,109491,1,0,0:0:0:0:
222,351,109566,6,0,L|235:281,3,48.9999985046387,10|0|0|0,0:0|0:0|0:0|0:0,0:0:0:0:
115,190,109866,5,10,0:0:0:0:
121,223,109941,1,0,0:0:0:0:
116,257,110016,1,0,0:0:0:0:
99,286,110091,1,0,0:0:0:0:
72,307,110166,1,10,0:0:0:0:
70,293,110241,1,0,0:0:0:0:
69,278,110316,1,0,0:0:0:0:
67,264,110391,1,0,0:0:0:0:
65,249,110466,5,10,0:0:0:0:
106,224,110541,1,0,0:0:0:0:
154,228,110616,1,0,0:0:0:0:
191,259,110691,1,0,0:0:0:0:
204,305,110766,6,0,L|218:216,3,48.9999985046387,10|0|0|0,0:0|0:0|0:0|0:0,0:0:0:0:
268,100,111066,6,0,L|282:189,1,48.9999985046387,10|0,0:0|0:0,0:0:0:0:
290,244,111216,1,10,0:0:0:0:
364,97,111366,1,10,0:0:0:0:
185,162,111516,1,10,0:0:0:0:
443,182,111666,1,10,0:0:0:0:
443,182,111741,1,10,0:0:0:0:
443,182,111816,1,10,0:0:0:0:
443,182,111891,1,10,0:0:0:0:
443,182,111966,6,0,L|436:288,1,97.9999970092774,14|0,0:0|0:0,0:0:0:0:
268,100,112266,2,0,L|261:-6,1,97.9999970092774,10|0,0:0|0:0,0:0:0:0:
479,299,112566,1,10,0:0:0:0:
444,264,112641,1,0,0:0:0:0:
398,251,112716,1,0,0:0:0:0:
350,261,112791,1,0,0:0:0:0:
314,294,112866,5,10,0:0:0:0:
277,326,112941,1,0,0:0:0:0:
230,336,113016,1,0,0:0:0:0:
183,323,113091,1,0,0:0:0:0:
149,289,113166,6,0,L|156:210,3,48.9999985046387,10|0|0|0,0:0|0:0|0:0|0:0,0:0:0:0:
230,336,113466,2,0,L|237:415,1,48.9999985046387,10|0,0:0|0:0,0:0:0:0:
314,294,113616,2,0,L|321:215,5,48.9999985046387,0|0|10|0|0|0,0:0|0:0|0:0|0:0|0:0|0:0,0:0:0:0:
394,336,114066,2,0,L|401:415,3,48.9999985046387,10|0|0|0,0:0|0:0|0:0|0:0,0:0:0:0:
318,245,114366,5,14,0:0:0:0:
297,201,114441,1,10,0:0:0:0:
297,152,114516,1,10,0:0:0:0:
320,109,114591,1,10,0:0:0:0:
359,80,114666,1,10,0:0:0:0:
407,72,114741,1,10,0:0:0:0:
453,86,114816,1,10,0:0:0:0:
489,119,114891,1,10,0:0:0:0:
506,164,114966,5,14,0:0:0:0:
462,123,115041,1,10,0:0:0:0:
405,105,115116,1,10,0:0:0:0:
345,116,115191,1,10,0:0:0:0:
297,152,115266,1,10,0:0:0:0:
248,188,115341,1,10,0:0:0:0:
189,199,115416,1,10,0:0:0:0:
132,181,115491,1,10,0:0:0:0:
88,140,115566,5,12,0:0:0:0:
291,40,115866,1,12,0:0:0:0:
188,343,116166,1,12,0:0:0:0:
391,243,116466,1,12,0:0:0:0:
132,181,116766,5,14,0:0:0:0:
105,159,116841,1,0,0:0:0:0:
90,129,116916,1,2,0:0:0:0:
89,95,116991,1,0,0:0:0:0:
103,64,117066,5,10,0:0:0:0:
145,90,117141,1,0,0:0:0:0:
157,138,117216,1,2,0:0:0:0:
131,181,117291,1,0,0:0:0:0:
83,193,117366,1,10,0:0:0:0:
34,205,117441,1,0,0:0:0:0:
9,247,117516,1,2,0:0:0:0:
20,296,117591,1,0,0:0:0:0:
62,322,117666,5,10,0:0:0:0:
67,308,117741,1,0,0:0:0:0:
72,294,117816,1,2,0:0:0:0:
78,280,117891,1,0,0:0:0:0:
83,266,117966,6,0,L|96:322,1,48.9999985046387,10|0,0:0|0:0,0:0:0:0:
199,271,118116,2,0,L|186:327,1,48.9999985046387,2|0,0:0|0:0,0:0:0:0:
131,181,118266,2,0,L|144:237,1,48.9999985046387,10|0,0:0|0:0,0:0:0:0:
247,186,118416,2,0,L|234:242,1,48.9999985046387,2|0,0:0|0:0,0:0:0:0:
280,332,118566,6,0,B|328:303|373:327|440:312|469:241|426:197|313:177|312:250|324:290|357:322|391:342|430:349|486:326,1,392,14|0,0:0|0:0,0:0:0:0:
475,215,119166,5,10,0:0:0:0:
453,188,119241,1,0,0:0:0:0:
425,169,119316,1,2,0:0:0:0:
392,159,119391,1,0,0:0:0:0:
334,168,119466,5,10,0:0:0:0:
350,138,119541,1,0,0:0:0:0:
355,104,119616,1,2,0:0:0:0:
348,71,119691,1,0,0:0:0:0:
315,24,119766,5,10,0:0:0:0:
286,43,119841,1,0,0:0:0:0:
253,50,119916,1,2,0:0:0:0:
219,46,119991,1,0,0:0:0:0:
164,14,120066,5,10,0:0:0:0:
164,48,120141,1,0,0:0:0:0:
164,82,120216,1,2,0:0:0:0:
164,116,120291,1,0,0:0:0:0:
189,174,120366,6,0,P|70:182|60:237,1,168,14|0,0:0|0:0,0:0:0:0:
98,351,120666,2,0,P|150:243|107:207,1,168,14|0,0:0|0:0,0:0:0:0:
84,278,120966,6,0,L|260:301,1,168,14|0,0:0|0:0,0:0:0:0:
243,373,121266,2,0,L|264:206,1,168,14|0,0:0|0:0,0:0:0:0:
348,71,121566,6,0,L|359:161,1,48.9999985046387,14|0,0:0|0:0,0:0:0:0:
342,263,121716,2,0,L|330:172,1,48.9999985046387,2|0,0:0|0:0,0:0:0:0:
424,64,121866,2,0,L|435:154,1,48.9999985046387,10|0,0:0|0:0,0:0:0:0:
418,256,122016,2,0,L|406:165,1,48.9999985046387,2|0,0:0|0:0,0:0:0:0:
504,60,122166,2,0,L|515:150,3,48.9999985046387,10|0|2|0,0:0|0:0|0:0|0:0,0:0:0:0:
498,252,122466,2,0,L|486:161,3,48.9999985046387,10|0|2|0,0:0|0:0|0:0|0:0,0:0:0:0:
348,71,122766,5,14,0:0:0:0:
349,85,122841,1,0,0:0:0:0:
351,100,122916,1,2,0:0:0:0:
353,114,122991,1,0,0:0:0:0:
327,123,123066,5,14,0:0:0:0:
328,137,123141,1,0,0:0:0:0:
330,152,123216,1,2,0:0:0:0:
332,166,123291,1,0,0:0:0:0:
306,175,123366,5,14,0:0:0:0:
307,189,123441,1,0,0:0:0:0:
309,204,123516,1,2,0:0:0:0:
311,218,123591,1,0,0:0:0:0:
285,227,123666,5,14,0:0:0:0:
286,241,123741,1,0,0:0:0:0:
288,256,123816,1,2,0:0:0:0:
290,270,123891,1,0,0:0:0:0:
264,279,123966,6,0,L|275:369,1,48.9999985046387,14|0,0:0|0:0,0:0:0:0:
389,259,124116,2,0,L|400:169,1,48.9999985046387,2|0,0:0|0:0,0:0:0:0:
191,304,124266,1,10,0:0:0:0:
191,304,124341,1,0,0:0:0:0:
191,304,124416,2,0,L|202:394,1,48.9999985046387,2|0,0:0|0:0,0:0:0:0:
462,284,124566,2,0,L|473:194,1,48.9999985046387,10|0,0:0|0:0,0:0:0:0:
478,137,124716,1,2,0:0:0:0:
109,267,124866,2,0,L|125:398,1,97.9999970092774,10|2,0:0|0:0,0:0:0:0:
348,71,125166,5,14,0:0:0:0:
348,327,125316,1,4,0:0:0:0:
153,160,125466,1,10,0:0:0:0:
135,162,125541,1,0,0:0:0:0:
118,164,125616,1,0,0:0:0:0:
101,166,125691,1,0,0:0:0:0:
84,168,125766,5,10,0:0:0:0:
43,194,125841,1,0,0:0:0:0:
20,237,125916,1,0,0:0:0:0:
19,285,125991,1,0,0:0:0:0:
41,328,126066,1,10,0:0:0:0:
70,267,126141,1,0,0:0:0:0:
68,199,126216,1,0,0:0:0:0:
65,131,126291,1,0,0:0:0:0:
95,70,126366,5,12,0:0:0:0:
150,245,126516,1,12,0:0:0:0:
254,65,126666,1,12,0:0:0:0:
95,70,126966,5,12,0:0:0:0:
160,280,127116,1,12,0:0:0:0:
285,64,127266,1,12,0:0:0:0:
265,280,127566,6,0,L|381:267,1,83.9999974365235,4|10,0:0|0:0,0:0:0:0:
489,255,127866,1,0,0:0:0:0:
352,159,128016,1,10,0:0:0:0:
352,159,128091,1,0,0:0:0:0:
352,159,128166,2,0,L|358:219,1,41.9999987182618
422,300,128316,1,10,0:0:0:0:
450,123,128466,1,0,0:0:0:0:
270,197,128616,5,10,0:0:0:0:
267,176,128691,1,0,0:0:0:0:
265,155,128766,1,0,0:0:0:0:
262,134,128841,1,0,0:0:0:0:
260,113,128916,1,10,0:0:0:0:
258,92,128991,1,0,0:0:0:0:
255,71,129066,6,0,B|242:130|242:130|243:141|243:141|229:200,1,125.999996154785
213,263,129366,1,0,0:0:0:0:
165,137,129516,1,10,0:0:0:0:
352,159,129666,1,0,0:0:0:0:
151,212,129816,1,10,0:0:0:0:
432,166,129966,6,0,P|430:135|388:86,1,56,4|0,0:0|0:0,0:0:0:0:
387,230,130116,2,0,P|414:243|478:231,1,56,10|0,0:0|0:0,0:0:0:0:
352,159,130266,1,0,0:0:0:0:
321,183,130341,1,0,0:0:0:0:
307,219,130416,1,10,0:0:0:0:
311,257,130491,1,0,0:0:0:0:
334,289,130566,2,0,L|417:321,1,56
490,348,130716,1,10,0:0:0:0:
508,189,130866,6,0,L|510:97,1,56
418,56,131016,2,0,L|420:148,1,56,10|0,0:0|0:0,0:0:0:0:
420,244,131166,1,0,0:0:0:0:
502,35,131316,2,0,L|292:39,1,168,10|0,0:0|0:0,0:0:0:0:
334,38,131616,1,10,0:0:0:0:
387,230,131766,1,0,0:0:0:0:
419,111,131916,1,10,0:0:0:0:
268,198,132066,2,0,B|162:178|162:178|142:151|153:118,1,168
242,13,132366,6,0,P|251:59|230:107,1,83.9999974365235,4|10,0:0|0:0,0:0:0:0:
95,219,132666,1,0,0:0:0:0:
176,53,132816,1,10,0:0:0:0:
176,53,132891,1,0,0:0:0:0:
176,53,132966,1,0,0:0:0:0:
162,175,133116,1,10,0:0:0:0:
100,13,133266,1,0,0:0:0:0:
24,194,133416,5,10,0:0:0:0:
18,218,133491,1,0,0:0:0:0:
22,243,133566,1,0,0:0:0:0:
33,265,133641,1,0,0:0:0:0:
51,283,133716,1,10,0:0:0:0:
73,294,133791,1,0,0:0:0:0:
98,297,133866,6,0,B|132:306|163:293|163:293|202:280|240:310,1,125.999996154785
270,345,134166,1,0,0:0:0:0:
123,228,134316,1,10,0:0:0:0:
185,361,134466,1,0,0:0:0:0:
208,212,134616,1,10,0:0:0:0:
270,345,134766,6,0,P|298:327|342:306,1,56,4|0,0:0|0:0,0:0:0:0:
461,337,134916,2,0,P|433:319|389:298,1,56,10|0,0:0|0:0,0:0:0:0:
208,212,135066,1,0,0:0:0:0:
247,211,135141,1,0,0:0:0:0:
286,210,135216,1,10,0:0:0:0:
325,209,135291,1,0,0:0:0:0:
364,209,135366,2,0,L|446:209,1,56
507,209,135516,1,10,0:0:0:0:
382,99,135666,6,0,P|405:72|459:70,1,56
364,209,135816,2,0,P|329:202|300:156,1,56,10|0,0:0|0:0,0:0:0:0:
323,47,135966,5,14,0:0:0:0:
294,73,136041,1,10,0:0:0:0:
257,87,136116,1,10,0:0:0:0:
218,87,136191,1,10,0:0:0:0:
182,73,136266,1,10,0:0:0:0:
145,58,136341,1,10,0:0:0:0:
106,58,136416,1,10,0:0:0:0:
70,72,136491,1,10,0:0:0:0:
41,99,136566,6,0,L|46:167,3,56,2|0|0|0,0:0|0:0|0:0|0:0,0:0:0:0:
182,73,136866,2,0,L|187:5,3,56,2|0|0|0,0:0|0:0|0:0|0:0,0:0:0:0:
118,149,137166,6,0,L|111:238,1,83.9999974365235,4|10,0:0|0:0,0:0:0:0:
204,189,137466,1,0,0:0:0:0:
110,323,137616,1,10,0:0:0:0:
110,323,137691,1,0,0:0:0:0:
110,323,137766,1,0,0:0:0:0:
43,184,137916,1,10,0:0:0:0:
185,288,138066,1,0,0:0:0:0:
118,149,138216,1,10,0:0:0:0:
260,253,138366,6,0,L|376:261,1,83.9999974365235,0|10,0:0|0:0,0:0:0:0:
451,119,138666,2,0,L|445:202,1,83.9999974365235,0|10,0:0|0:0,0:0:0:0:
307,343,138966,1,0,0:0:0:0:
370,159,139116,1,10,0:0:0:0:
402,321,139266,1,0,0:0:0:0:
275,181,139416,1,10,0:0:0:0:
402,321,139566,6,0,L|489:317,1,83.9999974365235,0|10,0:0|0:0,0:0:0:0:
485,317,139791,1,0,0:0:0:0:
485,317,139866,1,0,0:0:0:0:
445,202,140016,1,10,0:0:0:0:
309,315,140166,1,0,0:0:0:0:
370,159,140316,1,10,0:0:0:0:
402,321,140466,1,0,0:0:0:0:
451,119,140616,1,10,0:0:0:0:
220,296,140766,6,0,P|166:275|138:227,1,83.9999974365235,0|10,0:0|0:0,0:0:0:0:
370,159,141066,2,0,P|378:216|351:264,1,83.9999974365235,0|10,0:0|0:0,0:0:0:0:
244,86,141366,2,0,L|342:69,1,83.9999974365235,0|10,0:0|0:0,0:0:0:0:
301,199,141666,2,0,L|203:216,1,83.9999974365235,0|10,0:0|0:0,0:0:0:0:
165,89,141966,5,0,0:0:0:0:
161,81,142041,1,0,0:0:0:0:
159,73,142116,1,10,0:0:0:0:
159,64,142191,1,0,0:0:0:0:
160,56,142266,2,0,L|145:164,1,83.9999974365235,0|10,0:0|0:0,0:0:0:0:
143,280,142566,5,0,0:0:0:0:
136,284,142641,1,0,0:0:0:0:
128,286,142716,1,10,0:0:0:0:
119,286,142791,1,0,0:0:0:0:
110,285,142866,2,0,L|218:300,1,83.9999974365235,0|10,0:0|0:0,0:0:0:0:
336,375,143166,6,0,L|354:241,1,125.999996154785
301,199,143466,2,0,P|353:235|418:218,1,125.999996154785
366,159,143766,1,0,0:0:0:0:
269,287,143916,1,10,0:0:0:0:
298,126,144066,1,0,0:0:0:0:
425,301,144216,1,10,0:0:0:0:
456,91,144366,5,4,0:0:0:0:
454,82,144441,1,4,0:0:0:0:
452,74,144516,1,4,0:0:0:0:
451,66,144591,1,4,0:0:0:0:
449,57,144666,2,0,L|439:175,2,83.9999974365235,4|0|0,0:0|0:0|0:0,0:0:0:0:
361,82,145266,1,4,0:0:0:0:
288,37,145416,2,0,P|252:29|212:40,2,70,4|0|4,0:0|0:0|0:0,0:0:0:0:
254,106,146016,2,0,P|246:160|129:115,1,224,4|0,0:0|0:0,0:0:0:0:
320,248,146766,5,14,0:0:0:0:
320,238,146841,1,0,0:0:0:0:
321,228,146916,1,0,0:0:0:0:
322,218,146991,1,0,0:0:0:0:
322,208,147066,1,10,0:0:0:0:
351,190,147141,1,0,0:0:0:0:
384,184,147216,1,0,0:0:0:0:
418,190,147291,1,0,0:0:0:0:
448,207,147366,5,10,0:0:0:0:
412,236,147441,1,0,0:0:0:0:
368,252,147516,1,0,0:0:0:0:
322,251,147591,1,0,0:0:0:0:
279,235,147666,1,10,0:0:0:0:
235,218,147741,1,0,0:0:0:0:
189,217,147816,1,0,0:0:0:0:
145,233,147891,1,0,0:0:0:0:
110,262,147966,6,0,L|116:335,3,48.9999985046387,10|0|0|0,0:0|0:0|0:0|0:0,0:0:0:0:
235,218,148266,5,10,0:0:0:0:
247,170,148341,1,0,0:0:0:0:
239,122,148416,1,0,0:0:0:0:
212,82,148491,1,0,0:0:0:0:
172,55,148566,1,10,0:0:0:0:
175,64,148641,1,0,0:0:0:0:
177,74,148716,1,0,0:0:0:0:
178,84,148791,1,0,0:0:0:0:
178,93,148866,5,10,0:0:0:0:
135,69,148941,1,0,0:0:0:0:
88,77,149016,1,0,0:0:0:0:
56,113,149091,1,0,0:0:0:0:
54,162,149166,6,0,L|120:164,3,48.9999985046387,10|0|0|0,0:0|0:0|0:0|0:0,0:0:0:0:
178,93,149466,5,10,0:0:0:0:
205,73,149541,1,0,0:0:0:0:
237,61,149616,1,0,0:0:0:0:
271,58,149691,1,0,0:0:0:0:
305,64,149766,1,10,0:0:0:0:
338,69,149841,1,0,0:0:0:0:
372,66,149916,1,0,0:0:0:0:
404,54,149991,1,0,0:0:0:0:
432,35,150066,5,10,0:0:0:0:
379,36,150141,1,0,0:0:0:0:
338,68,150216,1,0,0:0:0:0:
323,118,150291,1,0,0:0:0:0:
340,167,150366,6,0,L|409:179,3,48.9999985046387,10|0|0|0,0:0|0:0|0:0|0:0,0:0:0:0:
490,173,150666,6,0,L|465:108,1,48.9999985046387,10|0,0:0|0:0,0:0:0:0:
432,35,150816,1,10,0:0:0:0:
374,257,150966,1,10,0:0:0:0:
338,68,151116,1,10,0:0:0:0:
460,260,151266,1,10,0:0:0:0:
460,260,151341,1,10,0:0:0:0:
460,260,151416,1,10,0:0:0:0:
460,260,151491,1,10,0:0:0:0:
460,260,151566,6,0,L|463:364,1,97.9999970092774,14|0,0:0|0:0,0:0:0:0:
335,165,151866,2,0,L|338:61,1,97.9999970092774,10|0,0:0|0:0,0:0:0:0:
374,257,152166,5,10,0:0:0:0:
339,257,152241,1,0,0:0:0:0:
305,258,152316,1,0,0:0:0:0:
271,259,152391,1,0,0:0:0:0:
253,230,152466,5,10,0:0:0:0:
206,228,152541,1,0,0:0:0:0:
161,227,152616,1,0,0:0:0:0:
115,226,152691,1,0,0:0:0:0:
69,224,152766,6,0,L|73:286,3,48.9999985046387,10|0|0|0,0:0|0:0|0:0|0:0,0:0:0:0:
45,360,153066,2,0,L|107:356,3,48.9999985046387,10|0|0|0,0:0|0:0|0:0|0:0,0:0:0:0:
181,384,153366,2,0,L|177:322,3,48.9999985046387,10|0|0|0,0:0|0:0|0:0|0:0,0:0:0:0:
205,248,153666,2,0,L|143:252,3,48.9999985046387,10|0|0|0,0:0|0:0|0:0|0:0,0:0:0:0:
289,334,153966,5,10,0:0:0:0:
318,316,154041,1,0,0:0:0:0:
351,307,154116,1,0,0:0:0:0:
385,309,154191,1,0,0:0:0:0:
417,320,154266,2,0,P|445:336|460:353,1,48.9999985046387,10|0,0:0|0:0,0:0:0:0:
289,334,154416,5,0,0:0:0:0:
299,301,154491,1,0,0:0:0:0:
319,273,154566,1,10,0:0:0:0:
346,252,154641,1,0,0:0:0:0:
378,240,154716,2,0,P|408:234|431:237,1,48.9999985046387
289,334,154866,5,10,0:0:0:0:
275,302,154941,1,0,0:0:0:0:
272,267,155016,1,0,0:0:0:0:
279,234,155091,1,0,0:0:0:0:
296,204,155166,2,0,P|315:179|335:167,1,48.9999985046387,10|0,0:0|0:0,0:0:0:0:
289,334,155316,5,0,0:0:0:0:
254,334,155391,1,0,0:0:0:0:
220,334,155466,1,10,0:0:0:0:
186,334,155541,1,0,0:0:0:0:
151,334,155616,2,0,L|96:335,1,48.9999985046387
19,257,155766,2,0,L|74:257,1,48.9999985046387,10|0,0:0|0:0,0:0:0:0:
151,179,155916,2,0,L|95:179,1,48.9999985046387
19,101,156066,6,0,L|74:101,1,52.5,10|0,0:0|0:0,0:0:0:0:
167,87,156366,5,14,0:0:0:0:
190,55,156441,1,0,0:0:0:0:
224,37,156516,1,0,0:0:0:0:
263,34,156591,1,0,0:0:0:0:
299,48,156666,1,10,0:0:0:0:
326,76,156741,1,0,0:0:0:0:
339,113,156816,1,0,0:0:0:0:
335,152,156891,1,0,0:0:0:0:
315,185,156966,5,10,0:0:0:0:
285,150,157041,1,0,0:0:0:0:
290,104,157116,1,0,0:0:0:0:
327,77,157191,1,0,0:0:0:0:
372,85,157266,1,10,0:0:0:0:
413,111,157341,1,0,0:0:0:0:
461,105,157416,1,0,0:0:0:0:
495,71,157491,1,0,0:0:0:0:
500,23,157566,6,0,L|507:104,3,48.9999985046387,10|0|0|0,0:0|0:0|0:0|0:0,0:0:0:0:
472,187,157866,5,10,0:0:0:0:
432,214,157941,1,0,0:0:0:0:
419,260,158016,1,0,0:0:0:0:
437,304,158091,1,0,0:0:0:0:
479,327,158166,5,10,0:0:0:0:
461,283,158241,1,0,0:0:0:0:
418,262,158316,1,0,0:0:0:0:
371,274,158391,1,0,0:0:0:0:
344,313,158466,1,10,0:0:0:0:
316,352,158541,1,0,0:0:0:0:
269,364,158616,1,0,0:0:0:0:
226,342,158691,1,0,0:0:0:0:
208,298,158766,6,0,L|205:378,3,48.9999985046387,10|0|0|0,0:0|0:0|0:0|0:0,0:0:0:0:
84,330,159066,5,10,0:0:0:0:
103,302,159141,1,0,0:0:0:0:
113,269,159216,1,0,0:0:0:0:
113,235,159291,1,0,0:0:0:0:
103,202,159366,1,10,0:0:0:0:
92,169,159441,1,0,0:0:0:0:
92,135,159516,1,0,0:0:0:0:
102,102,159591,1,0,0:0:0:0:
122,74,159666,5,10,0:0:0:0:
134,120,159741,1,0,0:0:0:0:
173,147,159816,1,0,0:0:0:0:
221,141,159891,1,0,0:0:0:0:
253,106,159966,6,0,L|254:190,3,48.9999985046387,10|0|0|0,0:0|0:0|0:0|0:0,0:0:0:0:
332,277,160266,6,0,L|331:193,1,48.9999985046387,10|0,0:0|0:0,0:0:0:0:
332,106,160416,1,10,0:0:0:0:
194,234,160566,1,10,0:0:0:0:
404,167,160716,1,10,0:0:0:0:
188,74,160866,1,10,0:0:0:0:
184,64,160941,1,10,0:0:0:0:
183,55,161016,1,10,0:0:0:0:
183,45,161091,1,10,0:0:0:0:
185,35,161166,6,0,L|62:34,1,97.9999970092774,14|0,0:0|0:0,0:0:0:0:
331,203,161466,2,0,L|331:105,1,97.9999970092774,10|0,0:0|0:0,0:0:0:0:
194,234,161766,5,10,0:0:0:0:
211,282,161841,1,0,0:0:0:0:
256,307,161916,1,0,0:0:0:0:
307,296,161991,1,0,0:0:0:0:
337,254,162066,1,10,0:0:0:0:
367,212,162141,1,0,0:0:0:0:
417,200,162216,1,0,0:0:0:0:
463,225,162291,1,0,0:0:0:0:
480,274,162366,6,0,L|407:270,3,48.9999985046387,10|0|0|0,0:0|0:0|0:0|0:0,0:0:0:0:
318,214,162666,2,0,L|366:211,1,48.9999985046387,10|0,0:0|0:0,0:0:0:0:
480,154,162816,2,0,L|431:151,5,48.9999985046387,0|0|10|0|0|0,0:0|0:0|0:0|0:0|0:0|0:0,0:0:0:0:
318,94,163266,2,0,L|366:91,3,48.9999985046387,10|0|0|0,0:0|0:0|0:0|0:0,0:0:0:0:
255,154,163566,5,14,0:0:0:0:
210,172,163641,1,10,0:0:0:0:
162,162,163716,1,10,0:0:0:0:
128,129,163791,1,10,0:0:0:0:
117,82,163866,1,10,0:0:0:0:
90,42,163941,1,10,0:0:0:0:
43,35,164016,1,10,0:0:0:0:
5,64,164091,1,10,0:0:0:0:
1,111,164166,5,14,0:0:0:0:
43,70,164241,1,10,0:0:0:0:
99,57,164316,1,10,0:0:0:0:
155,74,164391,1,10,0:0:0:0:
194,116,164466,1,10,0:0:0:0:
233,158,164541,1,10,0:0:0:0:
289,175,164616,1,10,0:0:0:0:
345,161,164691,1,10,0:0:0:0:
387,121,164766,5,12,0:0:0:0:
155,74,165066,1,12,0:0:0:0:
340,353,165366,1,12,0:0:0:0:
108,306,165666,1,12,0:0:0:0:
387,121,165966,5,10,0:0:0:0:
396,119,166041,1,0,0:0:0:0:
406,118,166116,1,2,0:0:0:0:
416,117,166191,1,0,0:0:0:0:
425,116,166266,1,10,0:0:0:0:
395,112,166341,1,0,0:0:0:0:
363,109,166416,1,2,0:0:0:0:
331,106,166491,1,0,0:0:0:0:
301,103,166566,5,10,0:0:0:0:
328,141,166641,1,0,0:0:0:0:
321,189,166716,1,2,0:0:0:0:
283,218,166791,1,0,0:0:0:0:
236,213,166866,1,10,0:0:0:0:
188,207,166941,1,0,0:0:0:0:
150,236,167016,1,2,0:0:0:0:
143,284,167091,1,0,0:0:0:0:
171,323,167166,5,10,0:0:0:0:
207,277,167241,1,0,0:0:0:0:
211,220,167316,1,2,0:0:0:0:
182,170,167391,1,0,0:0:0:0:
129,146,167466,1,10,0:0:0:0:
179,120,167541,1,0,0:0:0:0:
189,64,167616,1,2,0:0:0:0:
150,22,167691,1,0,0:0:0:0:
94,28,167766,5,10,0:0:0:0:
134,56,167841,1,0,0:0:0:0:
174,84,167916,1,2,0:0:0:0:
214,112,167991,1,0,0:0:0:0:
254,140,168066,1,10,0:0:0:0:
250,131,168141,1,0,0:0:0:0:
247,122,168216,1,2,0:0:0:0:
245,112,168291,1,0,0:0:0:0:
245,102,168366,5,10,0:0:0:0:
285,127,168441,1,0,0:0:0:0:
333,123,168516,1,2,0:0:0:0:
369,91,168591,1,0,0:0:0:0:
377,43,168666,1,10,0:0:0:0:
334,55,168741,1,0,0:0:0:0:
302,85,168816,1,2,0:0:0:0:
287,128,168891,1,0,0:0:0:0:
294,172,168966,5,10,0:0:0:0:
301,216,169041,1,0,0:0:0:0:
286,258,169116,1,2,0:0:0:0:
254,288,169191,1,0,0:0:0:0:
211,300,169266,6,0,L|132:286,1,48.9999985046387,10|0,0:0|0:0,0:0:0:0:
301,216,169416,2,0,L|380:230,1,48.9999985046387,2|0,0:0|0:0,0:0:0:0:
202,205,169566,6,0,P|134:177|166:65,1,168,14|0,0:0|0:0,0:0:0:0:
192,131,169866,2,0,L|59:245,1,168,14|0,0:0|0:0,0:0:0:0:
56,166,170166,6,0,P|124:193|92:306,1,168,14|0,0:0|0:0,0:0:0:0:
41,357,170466,2,0,B|92:335|117:360|117:360|150:351|150:351|188:365|233:328,1,168,14|0,0:0|0:0,0:0:0:0:
337,369,170766,5,14,0:0:0:0:
337,334,170841,1,0,0:0:0:0:
338,300,170916,1,2,0:0:0:0:
338,266,170991,1,0,0:0:0:0:
365,234,171066,5,10,0:0:0:0:
364,216,171141,1,0,0:0:0:0:
364,199,171216,1,2,0:0:0:0:
364,182,171291,1,0,0:0:0:0:
363,165,171366,5,10,0:0:0:0:
331,200,171441,1,0,0:0:0:0:
283,203,171516,1,2,0:0:0:0:
247,172,171591,1,0,0:0:0:0:
244,124,171666,5,10,0:0:0:0:
254,125,171741,1,0,0:0:0:0:
263,128,171816,1,2,0:0:0:0:
271,133,171891,1,0,0:0:0:0:
278,140,171966,5,10,0:0:0:0:
244,175,172041,1,0,0:0:0:0:
210,211,172116,1,2,0:0:0:0:
176,246,172191,1,0,0:0:0:0:
142,281,172266,1,10,0:0:0:0:
159,236,172341,1,0,0:0:0:0:
147,189,172416,1,2,0:0:0:0:
110,159,172491,1,0,0:0:0:0:
62,156,172566,5,10,0:0:0:0:
50,109,172641,1,0,0:0:0:0:
68,64,172716,1,2,0:0:0:0:
108,37,172791,1,0,0:0:0:0:
156,38,172866,1,10,0:0:0:0:
133,99,172941,1,0,0:0:0:0:
110,161,173016,1,2,0:0:0:0:
88,222,173091,1,0,0:0:0:0:
65,282,173166,6,0,L|138:281,1,48.9999985046387,14|0,0:0|0:0,0:0:0:0:
176,384,173316,2,0,L|177:311,1,48.9999985046387,10|0,0:0|0:0,0:0:0:0:
96,211,173466,6,0,L|168:203,1,48.9999985046387,10|0,0:0|0:0,0:0:0:0:
247,353,173616,2,0,L|254:280,1,48.9999985046387,10|0,0:0|0:0,0:0:0:0:
120,137,173766,6,0,L|191:123,1,48.9999985046387,10|0,0:0|0:0,0:0:0:0:
320,328,173916,2,0,L|333:256,1,48.9999985046387,10|0,0:0|0:0,0:0:0:0:
137,61,174066,6,0,L|207:41,1,48.9999985046387,10|0,0:0|0:0,0:0:0:0:
394,309,174216,2,0,L|413:238,1,48.9999985046387,10|0,0:0|0:0,0:0:0:0:
346,29,174366,5,10,0:0:0:0:
344,77,174441,1,0,0:0:0:0:
342,126,174516,1,2,0:0:0:0:
247,353,174666,5,10,0:0:0:0:
245,304,174741,1,0,0:0:0:0:
243,255,174816,1,2,0:0:0:0:
424,31,174966,5,10,0:0:0:0:
422,79,175041,1,0,0:0:0:0:
420,128,175116,1,2,0:0:0:0:
169,355,175266,5,10,0:0:0:0:
167,306,175341,1,0,0:0:0:0:
165,257,175416,1,2,0:0:0:0:
499,150,175566,5,14,0:0:0:0:
466,197,175641,1,0,0:0:0:0:
410,209,175716,1,2,0:0:0:0:
360,181,175791,1,0,0:0:0:0:
342,126,175866,1,10,0:0:0:0:
324,71,175941,1,0,0:0:0:0:
274,43,176016,1,2,0:0:0:0:
218,54,176091,1,0,0:0:0:0:
185,102,176166,5,10,0:0:0:0:
171,158,176241,1,0,0:0:0:0:
127,196,176316,1,2,0:0:0:0:
70,202,176391,1,0,0:0:0:0:
20,173,176466,1,10,0:0:0:0:
0,120,176541,1,0,0:0:0:0:
6,63,176616,1,2,0:0:0:0:
47,23,176691,1,0,0:0:0:0:
104,15,176766,5,10,0:0:0:0:
63,55,176841,1,0,0:0:0:0:
44,110,176916,1,2,0:0:0:0:
51,168,176991,1,0,0:0:0:0:
84,216,177066,1,10,0:0:0:0:
122,258,177141,1,0,0:0:0:0:
120,315,177216,1,2,0:0:0:0:
78,354,177291,1,0,0:0:0:0:
20,353,177366,5,10,0:0:0:0:
40,308,177441,1,0,0:0:0:0:
75,275,177516,1,2,0:0:0:0:
121,258,177591,1,0,0:0:0:0:
170,261,177666,1,10,0:0:0:0:
179,265,177741,1,0,0:0:0:0:
187,270,177816,1,2,0:0:0:0:
194,277,177891,1,0,0:0:0:0:
200,285,177966,6,0,B|242:201|312:270|336:304|376:280|448:183|382:109|287:103|255:138|229:190|265:248|292:259,1,448,14|0,0:0|0:0,0:0:0:0:
256,192,187566,5,4,0:0:0:0:
367,143,191166,5,10,0:0:0:0:
367,143,191316,2,0,L|361:239,1,70,10|0,0:0|0:0,0:0:0:0:
229,96,191616,1,10,0:0:0:0:
229,96,191766,2,0,L|325:102,1,70,10|0,0:0|0:0,0:0:0:0:
182,234,192066,2,0,L|188:138,1,70,10|0,0:0|0:0,0:0:0:0:
267,278,192366,6,0,P|206:328|137:313,1,140,4|0,0:0|0:0,0:0:0:0:
66,361,192816,2,0,L|75:202,1,140
3,95,193266,2,0,P|64:145|133:130,1,140,4|0,0:0|0:0,0:0:0:0:
0,2,193716,2,0,L|139:10,1,140
182,234,194166,2,0,L|190:94,1,140,4|0,0:0|0:0,0:0:0:0:
386,65,194616,2,0,P|325:115|256:100,1,140
308,34,195066,2,0,L|316:174,1,140,4|0,0:0|0:0,0:0:0:0:
308,34,195666,1,4,0:0:0:0:
315,173,195966,5,4,0:0:0:0:
396,170,196116,1,0,0:0:0:0:
399,251,196266,1,0,0:0:0:0:
318,254,196416,1,0,0:0:0:0:
468,208,196716,5,0,0:0:0:0:
362,324,196866,1,0,0:0:0:0:
315,173,197016,1,0,0:0:0:0:
470,289,197316,5,0,0:0:0:0:
468,208,197466,1,0,0:0:0:0:
466,127,197616,1,0,0:0:0:0:
468,208,197766,1,4,0:0:0:0:
464,46,198066,5,4,0:0:0:0:
396,170,198216,1,0,0:0:0:0:
325,131,198516,5,4,0:0:0:0:
466,127,198666,1,0,0:0:0:0:
392,29,198966,5,0,0:0:0:0:
396,170,199116,1,0,0:0:0:0:
310,52,199266,1,0,0:0:0:0:
292,52,199341,1,0,0:0:0:0:
275,52,199416,1,0,0:0:0:0:
257,53,199491,1,0,0:0:0:0:
240,53,199566,6,0,L|247:-12,3,35
171,122,199866,2,0,L|178:187,3,35
115,56,200166,5,0,0:0:0:0:
95,70,200241,1,0,0:0:0:0:
71,73,200316,1,0,0:0:0:0:
48,65,200391,1,0,0:0:0:0:
32,48,200466,1,0,0:0:0:0:
69,45,200541,1,0,0:0:0:0:
96,71,200616,1,0,0:0:0:0:
95,109,200691,1,0,0:0:0:0:
67,133,200766,6,0,L|22:126,3,35,10|0|10|0,0:0|0:0|0:0|0:0,0:0:0:0:
120,216,201066,2,0,L|165:208,3,35,0|0|10|0,0:0|0:0|0:0|0:0,0:0:0:0:
53,307,201366,6,0,L|48:330,6,17.5,10|0|0|0|0|0|0,0:0|0:0|0:0|0:0|0:0|0:0|0:0,0:0:0:0:
23,364,201666,6,0,L|168:338,1,136.499993751526,10|0,0:0|0:0,0:0:0:0:
228,326,201966,5,0,0:0:0:0:
120,216,202116,1,0,0:0:0:0:
157,339,202266,1,0,0:0:0:0:
192,201,202416,2,0,P|255:149|328:184,1,154.000004699707,8|0,0:0|0:0,0:0:0:0:
301,309,202866,2,0,L|458:280,1,154.000004699707
299,83,203316,2,0,L|326:234,1,154.000004699707
402,146,203766,5,0,0:0:0:0:
400,291,203916,1,0,0:0:0:0:
471,236,204066,1,0,0:0:0:0:
326,234,204216,2,0,L|299:83,1,154.000004699707
192,201,204666,2,0,L|116:187,1,77.0000023498536
7,124,204966,2,0,L|82:110,1,77.0000023498536
192,47,205266,2,0,L|116:33,1,77.0000023498536
121,210,205566,2,0,L|196:196,1,77.0000023498536
116,33,205866,2,0,L|40:46,1,77.0000023498536
169,347,206166,6,0,L|196:195,1,154.000004699707
108,284,206616,1,0,0:0:0:0:
257,259,206766,1,0,0:0:0:0:
324,361,206916,5,0,0:0:0:0:
342,233,207066,1,0,0:0:0:0:
443,336,207216,5,0,0:0:0:0:
427,207,207366,1,4,0:0:0:0:
257,259,207666,5,4,0:0:0:0:
443,336,207816,1,0,0:0:0:0:
427,207,208116,5,0,0:0:0:0:
324,361,208266,1,4,0:0:0:0:
273,167,208566,5,8,0:0:0:0:
244,350,208716,1,0,0:0:0:0:
362,168,208866,1,10,0:0:0:0:
379,148,208941,1,0,0:0:0:0:
403,135,209016,1,0,0:0:0:0:
430,131,209091,1,0,0:0:0:0:
456,137,209166,6,0,L|463:71,3,38.5000011749268,10|0|0|0,0:0|0:0|0:0|0:0,0:0:0:0:
362,168,209466,2,0,L|368:234,3,38.5000011749268,10|0|0|0,0:0|0:0|0:0|0:0,0:0:0:0:
293,84,209766,5,0,0:0:0:0:
293,76,209841,1,0,0:0:0:0:
294,68,209916,1,0,0:0:0:0:
295,61,209991,1,0,0:0:0:0:
296,53,210066,1,0,0:0:0:0:
270,79,210141,1,0,0:0:0:0:
234,73,210216,1,0,0:0:0:0:
219,39,210291,1,0,0:0:0:0:
240,8,210366,5,0,0:0:0:0:
194,17,210441,1,0,0:0:0:0:
149,26,210516,1,0,0:0:0:0:
104,35,210591,1,0,0:0:0:0:
58,43,210666,1,10,0:0:0:0:
66,45,210741,1,0,0:0:0:0:
73,49,210816,1,10,0:0:0:0:
79,53,210891,1,0,0:0:0:0:
85,58,210966,5,10,0:0:0:0:
53,105,211041,1,0,0:0:0:0:
60,161,211116,1,10,0:0:0:0:
102,199,211191,1,0,0:0:0:0:
158,201,211266,6,0,L|162:182,6,19.2500005874634,10|0|0|0|0|0|0,0:0|0:0|0:0|0:0|0:0|0:0|0:0,0:0:0:0:
212,235,211566,6,0,L|209:138,1,77.0000023498536,6|0,0:0|0:0,0:0:0:0:
102,199,211866,2,0,L|99:296,1,77.0000023498536,6|0,0:0|0:0,0:0:0:0:
99,275,212316,1,0,0:0:0:0:
209,158,212466,1,2,0:0:0:0:
40,326,212766,6,0,P|82:355|131:352,1,77.0000023498536,2|0,0:0|0:0,0:0:0:0:
161,235,213066,2,0,P|114:256|92:300,1,77.0000023498536,2|0,0:0|0:0,0:0:0:0:
177,384,213366,1,2,0:0:0:0:
164,311,213516,1,0,0:0:0:0:
237,298,213666,1,2,0:0:0:0:
250,371,213816,1,0,0:0:0:0:
299,176,214116,5,0,0:0:0:0:
237,298,214266,1,2,0:0:0:0:
374,291,214416,1,0,0:0:0:0:
374,291,214716,5,0,0:0:0:0:
299,176,214866,1,2,0:0:0:0:
237,298,215016,1,0,0:0:0:0:
422,361,215166,1,2,0:0:0:0:
448,333,215241,1,0,0:0:0:0:
460,297,215316,1,0,0:0:0:0:
455,259,215391,1,0,0:0:0:0:
434,228,215466,6,0,L|498:233,3,38.5000011749268,2|0|0|0,0:0|0:0|0:0|0:0,0:0:0:0:
374,291,215766,2,0,L|310:295,3,38.5000011749268,2|0|0|0,0:0|0:0|0:0|0:0,0:0:0:0:
399,147,216066,5,2,0:0:0:0:
399,147,216141,1,0,0:0:0:0:
399,147,216216,1,0,0:0:0:0:
399,147,216291,1,0,0:0:0:0:
399,147,216366,6,0,L|400:89,1,38.5000011749268,2|0,0:0|0:0,0:0:0:0:
312,56,216516,2,0,L|313:114,1,38.5000011749268
222,157,216666,2,0,L|223:99,1,38.5000011749268,2|0,0:0|0:0,0:0:0:0:
135,66,216816,2,0,L|136:124,1,38.5000011749268
117,235,216966,5,2,0:0:0:0:
114,227,217041,1,0,0:0:0:0:
110,221,217116,1,0,0:0:0:0:
105,215,217191,1,0,0:0:0:0:
100,210,217266,2,0,L|100:294,1,77.0000023498536,2|0,0:0|0:0,0:0:0:0:
269,323,217566,5,2,0:0:0:0:
247,307,217641,1,0,0:0:0:0:
220,302,217716,1,0,0:0:0:0:
194,307,217791,1,0,0:0:0:0:
172,322,217866,2,0,L|276:327,1,77.0000023498536,2|0,0:0|0:0,0:0:0:0:
367,327,218166,5,2,0:0:0:0:
361,308,218241,1,0,0:0:0:0:
355,290,218316,1,0,0:0:0:0:
360,271,218391,1,0,0:0:0:0:
366,253,218466,2,0,P|314:254|276:233,1,77.0000023498536,2|0,0:0|0:0,0:0:0:0:
340,84,218766,5,12,0:0:0:0:
337,179,218916,1,12,0:0:0:0:
340,84,219066,1,12,0:0:0:0:
239,84,219216,5,12,0:0:0:0:
235,197,219366,1,12,0:0:0:0:
239,84,219516,1,12,0:0:0:0:
117,84,219666,5,12,0:0:0:0:
112,219,219816,1,12,0:0:0:0:
117,84,219966,1,12,0:0:0:0:
249,61,220116,5,12,0:0:0:0:
243,223,220266,1,12,0:0:0:0:
249,61,220416,1,12,0:0:0:0:
389,37,220566,5,12,0:0:0:0:
382,232,220716,1,12,0:0:0:0:
389,37,220866,1,12,0:0:0:0:
382,232,221016,1,12,0:0:0:0:
476,115,221166,5,12,0:0:0:0:
249,61,221466,1,12,0:0:0:0:
422,342,221766,1,8,0:0:0:0:
371,315,221841,1,8,0:0:0:0:
315,323,221916,2,0,P|292:329|257:346,1,38.5000011749268,8|0,0:0|0:0,0:0:0:0:
165,343,222066,1,8,0:0:0:0:
213,312,222141,1,8,0:0:0:0:
234,260,222216,2,0,P|240:237|243:198,1,38.5000011749268,8|0,0:0|0:0,0:0:0:0:
95,311,222366,6,0,P|89:350|99:383,2,55.9999982910157,10|0|0,0:0|0:0|0:0,0:0:0:0:
55,242,222666,2,0,P|27:270|16:303,2,55.9999982910157,10|0|0,0:0|0:0|0:0,0:0:0:0:
61,162,222966,6,0,L|59:111,3,48.9999985046387,10|0|0|0,0:0|0:0|0:0|0:0,0:0:0:0:
153,211,223266,2,0,L|151:262,3,48.9999985046387,10|0|0|0,0:0|0:0|0:0|0:0,0:0:0:0:
145,108,223566,5,10,0:0:0:0:
170,93,223641,1,0,0:0:0:0:
198,87,223716,1,0,0:0:0:0:
227,93,223791,1,0,0:0:0:0:
285,124,223866,5,10,0:0:0:0:
314,130,223941,1,0,0:0:0:0:
342,124,224016,1,0,0:0:0:0:
368,110,224091,1,0,0:0:0:0:
399,52,224166,5,10,0:0:0:0:
393,81,224241,1,0,0:0:0:0:
399,109,224316,1,0,0:0:0:0:
413,135,224391,1,0,0:0:0:0:
471,166,224466,6,0,B|451:195|463:224|463:224|454:237|454:237|462:250|462:250|471:284|435:337,1,146.999995513916,14|0,0:0|0:0,0:0:0:0:
357,328,224766,5,10,0:0:0:0:
342,327,224841,1,0,0:0:0:0:
327,326,224916,1,0,0:0:0:0:
312,325,224991,1,0,0:0:0:0:
304,362,225066,5,10,0:0:0:0:
289,362,225141,1,0,0:0:0:0:
274,363,225216,1,0,0:0:0:0:
259,364,225291,1,0,0:0:0:0:
251,328,225366,5,10,0:0:0:0:
236,328,225441,1,0,0:0:0:0:
221,327,225516,1,0,0:0:0:0:
206,326,225591,1,0,0:0:0:0:
198,362,225666,5,10,0:0:0:0:
183,362,225741,1,0,0:0:0:0:
168,363,225816,1,0,0:0:0:0:
153,364,225891,1,0,0:0:0:0:
85,364,225966,6,0,L|77:282,1,48.9999985046387,10|0,0:0|0:0,0:0:0:0:
117,119,226116,2,0,L|109:201,1,48.9999985046387
153,364,226266,2,0,L|145:282,1,48.9999985046387,10|0,0:0|0:0,0:0:0:0:
185,119,226416,2,0,L|177:201,1,48.9999985046387
17,364,226566,2,0,B|13:292|13:292|6:280|6:280|12:269|12:269|8:189,1,146.999995513916,10|0,0:0|0:0,0:0:0:0:
16,151,226866,5,10,0:0:0:0:
16,151,226941,1,0,0:0:0:0:
16,151,227016,1,0,0:0:0:0:
16,151,227091,1,0,0:0:0:0:
16,151,227166,6,0,L|20:71,3,48.9999985046387,14|0|0|0,0:0|0:0|0:0|0:0,0:0:0:0:
79,215,227466,2,0,L|83:295,3,48.9999985046387,10|0|0|0,0:0|0:0|0:0|0:0,0:0:0:0:
135,144,227766,2,0,L|139:64,3,48.9999985046387,10|0|0|0,0:0|0:0|0:0|0:0,0:0:0:0:
198,208,228066,2,0,L|202:288,3,48.9999985046387,10|0|0|0,0:0|0:0|0:0|0:0,0:0:0:0:
254,137,228366,5,10,0:0:0:0:
279,141,228441,1,0,0:0:0:0:
305,138,228516,1,0,0:0:0:0:
331,133,228591,1,0,0:0:0:0:
356,124,228666,1,10,0:0:0:0:
381,110,228741,1,0,0:0:0:0:
406,105,228816,1,0,0:0:0:0:
431,104,228891,1,0,0:0:0:0:
460,106,228966,5,10,0:0:0:0:
451,102,229041,1,0,0:0:0:0:
442,97,229116,1,0,0:0:0:0:
434,91,229191,1,0,0:0:0:0:
427,84,229266,1,10,0:0:0:0:
420,77,229341,1,0,0:0:0:0:
415,69,229416,1,0,0:0:0:0:
410,61,229491,1,0,0:0:0:0:
406,52,229566,5,10,0:0:0:0:
375,14,229641,1,0,0:0:0:0:
328,0,229716,1,0,0:0:0:0:
282,13,229791,1,0,0:0:0:0:
250,50,229866,1,10,0:0:0:0:
218,86,229941,1,0,0:0:0:0:
171,99,230016,1,0,0:0:0:0:
125,85,230091,1,0,0:0:0:0:
94,48,230166,5,10,0:0:0:0:
103,51,230241,1,0,0:0:0:0:
112,53,230316,1,0,0:0:0:0:
122,53,230391,1,0,0:0:0:0:
132,52,230466,1,10,0:0:0:0:
151,47,230541,1,0,0:0:0:0:
174,49,230616,1,0,0:0:0:0:
196,53,230691,1,0,0:0:0:0:
217,61,230766,5,10,0:0:0:0:
172,99,230841,1,0,0:0:0:0:
172,157,230916,1,0,0:0:0:0:
217,195,230991,1,0,0:0:0:0:
275,184,231066,1,10,0:0:0:0:
332,173,231141,1,0,0:0:0:0:
378,210,231216,1,0,0:0:0:0:
378,269,231291,1,0,0:0:0:0:
333,307,231366,6,0,L|269:301,1,48.9999985046387,10|0,0:0|0:0,0:0:0:0:
88,254,231516,2,0,L|152:248,1,48.9999985046387
328,379,231666,2,0,L|264:373,1,48.9999985046387,10|0,0:0|0:0,0:0:0:0:
83,182,231816,2,0,L|147:176,1,48.9999985046387
204,367,231966,2,0,B|164:368|145:348|145:348|116:360|116:360|83:339|33:344,1,146.999995513916,14|0,0:0|0:0,0:0:0:0:
0,341,232266,1,10,0:0:0:0:
0,341,232341,1,0,0:0:0:0:
0,341,232416,1,0,0:0:0:0:
196,293,232566,5,10,0:0:0:0:
328,379,232716,1,0,0:0:0:0:
313,240,232866,1,10,0:0:0:0:
204,367,233016,1,0,0:0:0:0:
388,266,233166,6,0,P|389:214|368:185,2,65.3333313395183,10|0|0,0:0|0:0|0:0,0:0:0:0:
434,329,233466,2,0,P|464:286|464:251,2,65.3333313395183,10|0|0,0:0|0:0|0:0,0:0:0:0:
313,240,233766,6,0,L|317:111,1,97.9999970092774,10|0,0:0|0:0,0:0:0:0:
395,75,233991,1,0,0:0:0:0:
395,75,234066,2,0,P|425:65|457:70,2,65.3333313395183,10|0|0,0:0|0:0|0:0,0:0:0:0:
482,253,234366,6,0,B|398:222|399:285|308:237,1,175,14|0,0:0|0:0,0:0:0:0:
244,202,234816,1,0,0:0:0:0:
265,321,234966,6,0,L|178:315,1,83.9999974365235,10|0,0:0|0:0,0:0:0:0:
244,202,235266,2,0,L|157:208,1,83.9999974365235,10|0,0:0|0:0,0:0:0:0:
106,339,235566,1,10,0:0:0:0:
51,170,235716,1,0,0:0:0:0:
33,310,235866,1,10,0:0:0:0:
94,102,236016,1,0,0:0:0:0:
106,339,236166,2,0,P|64:382|30:388,1,83.9999974365235,10|0,0:0|0:0,0:0:0:0:
51,170,236466,2,0,P|109:184|131:211,1,83.9999974365235,10|0,0:0|0:0,0:0:0:0:
201,349,236766,6,0,B|286:321|286:321|374:352,1,175,14|0,0:0|0:0,0:0:0:0:
432,380,237216,1,0,0:0:0:0:
382,259,237366,6,0,P|367:200|398:136,2,125.999996154785,10|0|0,0:0|0:0|0:0,0:0:0:0:
466,167,237966,2,0,L|470:49,1,83.9999974365235,10|0,0:0|0:0,0:0:0:0:
242,137,238266,6,0,L|403:142,1,149.333333333333,10|0,0:0|0:0,0:0:0:0:
210,156,238666,6,0,B|284:159|284:159|315:140|315:140|401:142,1,186.666666666667,4|0,0:0|0:0,0:0:0:0:
368,228,239166,5,10,0:0:0:0:
335,253,239241,1,0,0:0:0:0:
294,263,239316,1,0,0:0:0:0:
253,254,239391,1,0,0:0:0:0:
220,229,239466,1,10,0:0:0:0:
213,223,239541,1,0,0:0:0:0:
206,219,239616,1,0,0:0:0:0:
198,215,239691,1,0,0:0:0:0:
190,212,239766,5,10,0:0:0:0:
187,241,239841,1,0,0:0:0:0:
185,270,239916,1,0,0:0:0:0:
182,299,239991,1,0,0:0:0:0:
180,329,240066,1,10,0:0:0:0:
176,282,240141,1,0,0:0:0:0:
172,236,240216,1,0,0:0:0:0:
168,190,240291,1,0,0:0:0:0:
164,144,240366,6,0,L|107:143,3,41.9999987182618,10|0|0|0,0:0|0:0|0:0|0:0,0:0:0:0:
220,229,240666,2,0,L|277:227,3,41.9999987182618,10|0|0|0,0:0|0:0|0:0|0:0,0:0:0:0:
249,151,240966,5,10,0:0:0:0:
253,144,241041,1,0,0:0:0:0:
257,136,241116,1,0,0:0:0:0:
261,129,241191,1,0,0:0:0:0:
262,120,241266,1,10,0:0:0:0:
263,112,241341,1,0,0:0:0:0:
263,104,241416,1,0,0:0:0:0:
262,95,241491,1,0,0:0:0:0:
260,87,241566,6,0,L|202:88,2,41.9999987182618,14|0|0,0:0|0:0|0:0,0:0:0:0:
343,84,241866,1,10,0:0:0:0:
218,88,242016,2,0,L|160:89,2,41.9999987182618,0|0|10,0:0|0:0|0:0,0:0:0:0:
426,81,242316,1,0,0:0:0:0:
176,89,242466,2,0,L|118:90,2,41.9999987182618,10|0|0,0:0|0:0|0:0,0:0:0:0:
509,78,242766,1,10,0:0:0:0:
134,90,242916,1,10,0:0:0:0:
133,81,242991,1,0,0:0:0:0:
133,73,243066,1,10,0:0:0:0:
133,64,243141,1,0,0:0:0:0:
132,56,243216,6,0,L|130:-3,1,41.9999987182618,10|0,0:0|0:0,0:0:0:0:
43,109,243366,2,0,L|41:168,1,41.9999987182618,10|0,0:0|0:0,0:0:0:0:
135,211,243516,2,0,L|133:152,1,41.9999987182618,10|0,0:0|0:0,0:0:0:0:
46,264,243666,2,0,L|44:323,1,41.9999987182618,10|0,0:0|0:0,0:0:0:0:
138,366,243816,2,0,L|136:307,1,41.9999987182618,10|0,0:0|0:0,0:0:0:0:
228,260,243966,5,10,0:0:0:0:
268,251,244041,1,0,0:0:0:0:
304,229,244116,1,0,0:0:0:0:
340,251,244191,1,0,0:0:0:0:
381,260,244266,2,0,P|428:264|471:250,1,83.9999974365235,14|0,0:0|0:0,0:0:0:0:
205,252,244566,5,10,0:0:0:0:
258,241,244641,1,0,0:0:0:0:
303,210,244716,1,0,0:0:0:0:
350,240,244791,1,0,0:0:0:0:
403,252,244866,2,0,P|464:257|520:238,1,97.9999970092774,14|0,0:0|0:0,0:0:0:0:
405,140,245166,6,0,L|414:74,1,41.9999987182618,10|0,0:0|0:0,0:0:0:0:
314,37,245316,2,0,L|323:103,1,41.9999987182618
493,109,245466,2,0,L|374:92,1,83.9999974365235,14|0,0:0|0:0,0:0:0:0:
226,165,245766,6,0,P|243:134|236:97,1,48.9999985046387,10|0,0:0|0:0,0:0:0:0:
174,95,245916,2,0,P|143:78|106:85,1,48.9999985046387
104,147,246066,2,0,P|87:178|94:215,1,48.9999985046387,10|0,0:0|0:0,0:0:0:0:
156,217,246216,2,0,P|187:234|224:227,1,48.9999985046387
228,22,246366,6,0,B|194:3|194:3|76:9,1,125.999996154785,14|0,0:0|0:0,0:0:0:0:
36,15,246666,1,10,0:0:0:0:
36,15,246741,1,0,0:0:0:0:
36,15,246816,1,0,0:0:0:0:
86,190,246966,1,10,0:0:0:0:
130,77,247116,1,0,0:0:0:0:
0,151,247266,5,10,0:0:0:0:
156,217,247416,2,0,L|148:327,1,83.9999974365235,0|10,0:0|0:0,0:0:0:0:
0,151,247716,2,0,L|83:157,1,83.9999974365235,0|10,0:0|0:0,0:0:0:0:
5,314,248016,2,0,L|11:230,1,83.9999974365235,0|10,0:0|0:0,0:0:0:0:
239,223,248316,1,0,0:0:0:0:
155,216,248466,1,10,0:0:0:0:
148,299,248616,1,0,0:0:0:0:
231,307,248766,5,14,0:0:0:0:
255,305,248841,1,0,0:0:0:0:
279,303,248916,1,0,0:0:0:0:
304,302,248991,1,0,0:0:0:0:
311,332,249066,5,10,0:0:0:0:
335,330,249141,1,0,0:0:0:0:
359,328,249216,1,0,0:0:0:0:
384,327,249291,1,0,0:0:0:0:
417,339,249366,5,10,0:0:0:0:
405,317,249441,1,0,0:0:0:0:
400,293,249516,1,0,0:0:0:0:
401,269,249591,1,0,0:0:0:0:
432,247,249666,5,10,0:0:0:0:
440,223,249741,1,0,0:0:0:0:
441,199,249816,1,0,0:0:0:0:
436,175,249891,1,0,0:0:0:0:
424,154,249966,6,0,L|415:210,3,48.9999985046387,10|0|0|0,0:0|0:0|0:0|0:0,0:0:0:0:
304,302,250266,2,0,L|295:246,3,48.9999985046387,10|0|0|0,0:0|0:0|0:0|0:0,0:0:0:0:
469,80,250566,6,0,B|407:43|345:103|345:103|312:85|275:101,1,196,14|0,0:0|0:0,0:0:0:0:
296,253,251166,5,14,0:0:0:0:
247,249,251241,1,0,0:0:0:0:
202,229,251316,1,2,0:0:0:0:
168,195,251391,1,0,0:0:0:0:
148,150,251466,1,10,0:0:0:0:
126,107,251541,1,0,0:0:0:0:
81,88,251616,1,2,0:0:0:0:
35,102,251691,1,0,0:0:0:0:
9,142,251766,5,10,0:0:0:0:
51,118,251841,1,0,0:0:0:0:
99,118,251916,1,2,0:0:0:0:
141,142,251991,1,0,0:0:0:0:
165,185,252066,1,10,0:0:0:0:
164,233,252141,1,0,0:0:0:0:
139,275,252216,1,2,0:0:0:0:
97,298,252291,1,0,0:0:0:0:
48,297,252366,5,10,0:0:0:0:
75,277,252441,1,0,0:0:0:0:
107,269,252516,1,2,0:0:0:0:
140,275,252591,1,0,0:0:0:0:
168,292,252666,1,10,0:0:0:0:
196,309,252741,1,0,0:0:0:0:
228,315,252816,1,2,0:0:0:0:
260,307,252891,1,0,0:0:0:0:
287,287,252966,5,10,0:0:0:0:
307,289,253041,1,0,0:0:0:0:
327,292,253116,1,2,0:0:0:0:
347,294,253191,1,0,0:0:0:0:
366,296,253266,1,10,0:0:0:0:
386,299,253341,1,0,0:0:0:0:
406,302,253416,1,2,0:0:0:0:
426,304,253491,1,0,0:0:0:0:
446,306,253566,5,14,0:0:0:0:
428,276,253641,1,0,0:0:0:0:
423,243,253716,1,2,0:0:0:0:
430,209,253791,1,0,0:0:0:0:
448,181,253866,1,10,0:0:0:0:
466,152,253941,1,0,0:0:0:0:
473,119,254016,1,2,0:0:0:0:
468,85,254091,1,0,0:0:0:0:
450,56,254166,5,10,0:0:0:0:
429,99,254241,1,0,0:0:0:0:
389,127,254316,1,2,0:0:0:0:
341,130,254391,1,0,0:0:0:0:
304,106,254466,1,10,0:0:0:0:
251,79,254541,1,0,0:0:0:0:
193,83,254616,1,2,0:0:0:0:
144,116,254691,1,0,0:0:0:0:
119,169,254766,6,0,L|122:235,1,48.9999985046387,10|0,0:0|0:0,0:0:0:0:
186,359,254916,2,0,L|189:293,1,48.9999985046387,2|0,0:0|0:0,0:0:0:0:
218,154,255066,2,0,L|221:233,1,48.9999985046387,10|0,0:0|0:0,0:0:0:0:
285,344,255216,2,0,L|288:278,1,48.9999985046387,2|0,0:0|0:0,0:0:0:0:
317,139,255366,2,0,L|320:218,1,48.9999985046387,10|0,0:0|0:0,0:0:0:0:
384,329,255516,2,0,L|387:263,1,48.9999985046387,2|0,0:0|0:0,0:0:0:0:
416,124,255666,1,10,0:0:0:0:
416,124,255741,1,0,0:0:0:0:
416,124,255816,1,2,0:0:0:0:
416,124,255891,1,0,0:0:0:0:
416,124,255966,5,14,0:0:0:0:
392,81,256041,1,0,0:0:0:0:
352,54,256116,1,2,0:0:0:0:
304,46,256191,1,0,0:0:0:0:
258,66,256266,1,10,0:0:0:0:
211,80,256341,1,0,0:0:0:0:
163,72,256416,1,2,0:0:0:0:
123,45,256491,1,0,0:0:0:0:
99,3,256566,5,10,0:0:0:0:
149,3,256641,1,0,0:0:0:0:
191,31,256716,1,2,0:0:0:0:
211,78,256791,1,0,0:0:0:0:
201,127,256866,1,10,0:0:0:0:
181,171,256941,1,0,0:0:0:0:
190,219,257016,1,2,0:0:0:0:
224,253,257091,1,0,0:0:0:0:
271,263,257166,5,10,0:0:0:0:
258,217,257241,1,0,0:0:0:0:
224,184,257316,1,2,0:0:0:0:
179,171,257391,1,0,0:0:0:0:
133,182,257466,1,10,0:0:0:0:
99,214,257541,1,0,0:0:0:0:
84,259,257616,1,2,0:0:0:0:
93,305,257691,1,0,0:0:0:0:
123,341,257766,5,10,0:0:0:0:
152,359,257841,1,0,0:0:0:0:
185,367,257916,1,2,0:0:0:0:
219,365,257991,1,0,0:0:0:0:
251,353,258066,1,10,0:0:0:0:
282,340,258141,1,0,0:0:0:0:
316,338,258216,1,2,0:0:0:0:
350,347,258291,1,0,0:0:0:0:
379,365,258366,5,14,0:0:0:0:
352,376,258441,1,0,0:0:0:0:
324,375,258516,1,2,0:0:0:0:
298,362,258591,1,0,0:0:0:0:
281,339,258666,1,10,0:0:0:0:
276,311,258741,1,0,0:0:0:0:
284,283,258816,1,2,0:0:0:0:
303,262,258891,1,0,0:0:0:0:
330,251,258966,5,10,0:0:0:0:
369,223,259041,1,0,0:0:0:0:
384,177,259116,1,2,0:0:0:0:
367,132,259191,1,0,0:0:0:0:
327,106,259266,6,0,B|293:95|265:110|265:110|243:102|243:102|210:115|173:89,1,146.999995513916,14|0,0:0|0:0,0:0:0:0:
154,66,259566,5,10,0:0:0:0:
113,39,259641,1,0,0:0:0:0:
66,48,259716,1,2,0:0:0:0:
37,86,259791,1,0,0:0:0:0:
42,134,259866,1,10,0:0:0:0:
61,178,259941,1,0,0:0:0:0:
63,227,260016,1,2,0:0:0:0:
48,273,260091,1,0,0:0:0:0:
18,311,260166,5,10,0:0:0:0:
20,238,260241,1,0,0:0:0:0:
60,178,260316,1,2,0:0:0:0:
126,148,260391,1,0,0:0:0:0:
198,158,260466,1,10,0:0:0:0:
254,204,260541,1,0,0:0:0:0:
276,273,260616,1,2,0:0:0:0:
259,344,260691,1,0,0:0:0:0:
189,363,260766,6,0,L|43:269,1,167.999994873047,14|10,0:0|0:0,0:0:0:0:
68,372,261216,1,0,0:0:0:0:
149,253,261366,1,10,0:0:0:0:
189,363,261516,1,0,0:0:0:0:
212,220,261666,1,10,0:0:0:0:
294,303,261816,1,0,0:0:0:0:
255,164,261966,6,0,P|179:122|104:181,1,167.999994873047,14|10,0:0|0:0,0:0:0:0:
36,261,262416,1,0,0:0:0:0:
179,202,262566,1,10,0:0:0:0:
29,165,262716,1,0,0:0:0:0:
130,284,262866,1,10,0:0:0:0:
118,129,263016,1,0,0:0:0:0:
130,284,263166,6,0,L|310:303,1,167.999994873047,14|10,0:0|0:0,0:0:0:0:
262,189,263616,1,0,0:0:0:0:
269,373,263766,1,10,0:0:0:0:
334,123,263916,1,0,0:0:0:0:
341,307,264066,1,10,0:0:0:0:
406,57,264216,6,0,P|476:43|529:95,1,125.999996154785,4|0,0:0|0:0,0:0:0:0:
497,219,264516,6,0,P|449:165|468:93,1,125.999996154785,4|0,0:0|0:0,0:0:0:0:
381,128,264816,6,0,L|242:113,1,125.999996154785,4|0,0:0|0:0,0:0:0:0:
187,105,265116,1,0,0:0:0:0:
204,230,265266,1,10,0:0:0:0:
234,44,265416,1,0,0:0:0:0:
103,193,265566,5,14,0:0:0:0:
66,160,265641,1,0,0:0:0:0:
49,115,265716,1,2,0:0:0:0:
53,66,265791,1,0,0:0:0:0:
78,25,265866,1,10,0:0:0:0:
78,54,265941,1,0,0:0:0:0:
77,84,266016,1,2,0:0:0:0:
77,113,266091,1,0,0:0:0:0:
49,115,266166,5,10,0:0:0:0:
48,144,266241,1,0,0:0:0:0:
48,173,266316,1,2,0:0:0:0:
47,203,266391,1,0,0:0:0:0:
19,204,266466,5,10,0:0:0:0:
18,233,266541,1,0,0:0:0:0:
18,262,266616,1,2,0:0:0:0:
17,292,266691,1,0,0:0:0:0:
16,322,266766,5,10,0:0:0:0:
49,286,266841,1,0,0:0:0:0:
94,270,266916,1,2,0:0:0:0:
142,277,266991,1,0,0:0:0:0:
182,305,267066,1,10,0:0:0:0:
232,341,267141,1,0,0:0:0:0:
295,349,267216,1,2,0:0:0:0:
354,328,267291,1,0,0:0:0:0:
397,282,267366,6,0,L|388:201,1,48.9999985046387,10|0,0:0|0:0,0:0:0:0:
332,72,267516,2,0,L|323:153,1,48.9999985046387,2|0,0:0|0:0,0:0:0:0:
295,349,267666,2,0,L|286:268,1,48.9999985046387,10|0,0:0|0:0,0:0:0:0:
230,5,267816,2,0,L|221:86,1,48.9999985046387,2|0,0:0|0:0,0:0:0:0:
103,358,267966,6,0,B|114:274|114:274|111:272|111:272|124:168,1,167.999994873047,14|10,0:0|0:0,0:0:0:0:
268,226,268416,2,0,P|210:226|181:207,1,83.9999974365235,0|10,0:0|0:0,0:0:0:0:
211,79,268716,1,0,0:0:0:0:
240,153,268866,1,10,0:0:0:0:
189,214,269016,1,0,0:0:0:0:
114,34,269166,6,0,L|175:29,1,41.9999987182618,14|0,0:0|0:0,0:0:0:0:
120,192,269316,2,0,L|59:187,1,41.9999987182618
96,113,269466,2,0,L|157:108,1,41.9999987182618,14|0,0:0|0:0,0:0:0:0:
138,271,269616,2,0,L|77:266,1,41.9999987182618
291,91,269766,5,14,0:0:0:0:
325,273,269916,1,0,0:0:0:0:
223,32,270066,1,14,0:0:0:0:
187,220,270216,1,0,0:0:0:0:
373,63,270366,5,14,0:0:0:0:
373,115,270441,1,0,0:0:0:0:
342,158,270516,1,2,0:0:0:0:
292,174,270591,1,0,0:0:0:0:
241,157,270666,1,10,0:0:0:0:
190,139,270741,1,0,0:0:0:0:
140,155,270816,1,2,0:0:0:0:
109,198,270891,1,0,0:0:0:0:
109,251,270966,5,10,0:0:0:0:
169,248,271041,1,0,0:0:0:0:
218,213,271116,1,2,0:0:0:0:
240,157,271191,1,0,0:0:0:0:
227,98,271266,1,10,0:0:0:0:
184,55,271341,1,0,0:0:0:0:
125,43,271416,1,2,0:0:0:0:
69,66,271491,1,0,0:0:0:0:
35,116,271566,5,10,0:0:0:0:
78,89,271641,1,0,0:0:0:0:
128,77,271716,1,2,0:0:0:0:
179,80,271791,1,0,0:0:0:0:
227,98,271866,1,10,0:0:0:0:
274,116,271941,1,0,0:0:0:0:
326,119,272016,1,2,0:0:0:0:
375,106,272091,1,0,0:0:0:0:
419,80,272166,6,0,L|424:20,3,48.9999985046387,10|0|2|0,0:0|0:0|0:0|0:0,0:0:0:0:
274,116,272466,2,0,L|279:176,3,48.9999985046387,10|0|2|0,0:0|0:0|0:0|0:0,0:0:0:0:
484,145,272766,5,14,0:0:0:0:
498,195,272841,1,0,0:0:0:0:
481,245,272916,1,2,0:0:0:0:
437,276,272991,1,0,0:0:0:0:
384,275,273066,1,10,0:0:0:0:
351,234,273141,1,0,0:0:0:0:
300,223,273216,1,2,0:0:0:0:
253,247,273291,1,0,0:0:0:0:
232,296,273366,5,10,0:0:0:0:
282,302,273441,1,0,0:0:0:0:
328,279,273516,1,2,0:0:0:0:
352,234,273591,1,0,0:0:0:0:
346,183,273666,1,10,0:0:0:0:
340,132,273741,1,0,0:0:0:0:
364,87,273816,1,2,0:0:0:0:
409,63,273891,1,0,0:0:0:0:
460,70,273966,5,10,0:0:0:0:
451,130,274041,1,0,0:0:0:0:
407,173,274116,1,2,0:0:0:0:
347,181,274191,1,0,0:0:0:0:
294,151,274266,1,10,0:0:0:0:
240,120,274341,1,0,0:0:0:0:
180,128,274416,1,2,0:0:0:0:
136,171,274491,1,0,0:0:0:0:
128,232,274566,6,0,L|133:302,1,48.9999985046387,10|0,0:0|0:0,0:0:0:0:
240,120,274716,2,0,L|245:50,1,48.9999985046387,2|0,0:0|0:0,0:0:0:0:
55,248,274866,2,0,L|60:318,1,48.9999985046387,10|0,0:0|0:0,0:0:0:0:
313,136,275016,2,0,L|318:66,1,48.9999985046387,2|0,0:0|0:0,0:0:0:0:
41,52,275166,6,0,L|56:268,1,195.999994018555,14|10,0:0|0:0,0:0:0:0:
219,305,275616,2,0,B|231:255|231:255|211:187,1,97.9999970092774,0|10,0:0|0:0,0:0:0:0:
110,346,275916,1,0,0:0:0:0:
301,273,276066,1,10,0:0:0:0:
152,263,276216,1,0,0:0:0:0:
343,356,276366,2,0,P|384:309|442:307,1,97.9999970092774,10|0,0:0|0:0,0:0:0:0:
416,302,276591,1,0,0:0:0:0:
416,302,276666,5,10,0:0:0:0:
177,378,276816,2,0,L|295:378,1,97.9999970092774,10|10,0:0|0:0,0:0:0:0:
152,116,277116,2,0,B|156:169|156:169|148:208|148:208|152:295,1,146.999995513916,10|0,0:0|0:0,0:0:0:0:
150,262,277416,1,10,0:0:0:0:
243,142,277566,5,14,0:0:0:0:
279,109,277641,1,0,0:0:0:0:
325,96,277716,1,0,0:0:0:0:
373,104,277791,1,0,0:0:0:0:
413,132,277866,1,10,0:0:0:0:
361,136,277941,1,0,0:0:0:0:
328,97,278016,1,0,0:0:0:0:
340,47,278091,1,0,0:0:0:0:
388,28,278166,6,0,L|453:33,3,48.9999985046387,10|0|0|0,0:0|0:0|0:0|0:0,0:0:0:0:
462,129,278466,2,0,L|397:133,3,48.9999985046387,10|0|0|0,0:0|0:0|0:0|0:0,0:0:0:0:
262,34,278766,5,10,0:0:0:0:
218,12,278841,1,0,0:0:0:0:
169,5,278916,1,10,0:0:0:0:
122,15,278991,1,0,0:0:0:0:
80,40,279066,2,0,L|76:118,1,48.9999985046387,10|0,0:0|0:0,0:0:0:0:
171,53,279216,2,0,L|167:-25,1,48.9999985046387,10|0,0:0|0:0,0:0:0:0:
5,110,279366,5,10,0:0:0:0:
7,158,279441,1,0,0:0:0:0:
10,207,279516,1,10,0:0:0:0:
12,256,279591,1,0,0:0:0:0:
15,305,279666,2,0,L|19:365,1,48.9999985046387,10|0,0:0|0:0,0:0:0:0:
58,204,279816,2,0,L|-1:207,1,48.9999985046387,10|0,0:0|0:0,0:0:0:0:
105,301,279966,5,14,0:0:0:0:
152,329,280041,1,0,0:0:0:0:
207,334,280116,1,2,0:0:0:0:
260,315,280191,1,0,0:0:0:0:
298,275,280266,1,10,0:0:0:0:
336,235,280341,1,0,0:0:0:0:
388,216,280416,1,2,0:0:0:0:
444,221,280491,1,0,0:0:0:0:
491,249,280566,5,14,0:0:0:0:
439,244,280641,1,0,0:0:0:0:
387,240,280716,1,2,0:0:0:0:
335,236,280791,1,0,0:0:0:0:
298,275,280866,5,10,0:0:0:0:
235,269,280941,1,0,0:0:0:0:
173,264,281016,1,2,0:0:0:0:
110,259,281091,1,0,0:0:0:0:
48,253,281166,5,14,0:0:0:0:
84,294,281241,1,0,0:0:0:0:
138,307,281316,1,2,0:0:0:0:
189,288,281391,1,0,0:0:0:0:
221,243,281466,1,10,0:0:0:0:
222,188,281541,1,0,0:0:0:0:
192,142,281616,1,2,0:0:0:0:
140,121,281691,1,0,0:0:0:0:
87,133,281766,5,14,0:0:0:0:
138,154,281841,1,0,0:0:0:0:
191,142,281916,1,2,0:0:0:0:
229,101,281991,1,0,0:0:0:0:
236,46,282066,1,10,0:0:0:0:
286,23,282141,1,0,0:0:0:0:
339,36,282216,1,2,0:0:0:0:
374,78,282291,1,0,0:0:0:0:
375,133,282366,5,14,0:0:0:0:
329,92,282441,1,0,0:0:0:0:
267,85,282516,1,2,0:0:0:0:
213,115,282591,1,0,0:0:0:0:
186,170,282666,1,10,0:0:0:0:
163,228,282741,1,0,0:0:0:0:
108,258,282816,1,2,0:0:0:0:
47,251,282891,1,0,0:0:0:0:
1,210,282966,5,14,0:0:0:0:
63,217,283041,1,0,0:0:0:0:
126,224,283116,1,2,0:0:0:0:
188,231,283191,1,0,0:0:0:0:
217,289,283266,5,10,0:0:0:0:
285,296,283341,1,0,0:0:0:0:
354,304,283416,1,2,0:0:0:0:
422,312,283491,1,0,0:0:0:0:
491,319,283566,5,14,0:0:0:0:
433,271,283641,1,0,0:0:0:0:
405,201,283716,1,2,0:0:0:0:
414,127,283791,1,0,0:0:0:0:
457,66,283866,1,10,0:0:0:0:
464,139,283941,1,0,0:0:0:0:
417,196,284016,1,2,0:0:0:0:
344,205,284091,1,0,0:0:0:0:
285,161,284166,5,14,0:0:0:0:
229,103,284241,1,0,0:0:0:0:
150,87,284316,1,2,0:0:0:0:
75,117,284391,1,0,0:0:0:0:
31,185,284466,1,10,0:0:0:0:
33,271,284541,1,0,0:0:0:0:
87,339,284616,1,2,0:0:0:0:
171,362,284691,1,0,0:0:0:0:
251,330,284766,6,0,B|308:319|352:352|352:352|403:393|444:387|476:361|486:327|471:298|449:278|408:280|380:304|380:347,1,377.999988464356,14|0,0:0|0:0,0:0:0:0:
208,148,296761,5,4,0:0:0:0:
260,224,297011,1,4,0:0:0:0:
300,141,297261,1,4,0:0:0:0:
351,217,297511,1,4,0:0:0:0:
311,300,297761,5,4,0:0:0:0:
392,135,298011,1,4,0:0:0:0:
220,307,298261,1,4,0:0:0:0:
300,141,298511,1,4,0:0:0:0:
403,294,298761,5,4,0:0:0:0:
340,58,299011,1,4,0:0:0:0:
168,232,299261,1,4,0:0:0:0:
403,294,299511,1,4,0:0:0:0:
249,65,299761,5,4,0:0:0:0:
495,288,300011,1,4,0:0:0:0:
115,155,300261,1,4,0:0:0:0:
484,126,300511,1,4,0:0:0:0:
260,224,300761,6,0,P|200:284|212:344,1,140,4|0,0:0|0:0,0:0:0:0:
276,300,301511,1,0,0:0:0:0:
332,252,301761,2,0,P|311:169|253:149,1,140,8|0,0:0|0:0,0:0:0:0:
196,176,302511,1,0,0:0:0:0:
140,232,302761,2,0,L|40:252,1,70,4|0,0:0|0:0,0:0:0:0:
161,309,303261,2,0,L|61:329,1,70
119,155,303761,6,0,P|176:100|256:120,1,140,8|0,0:0|0:0,0:0:0:0:
272,164,304511,1,0,0:0:0:0:
304,100,304761,2,0,L|448:64,1,140,4|0,0:0|0:0,0:0:0:0:
488,128,305511,1,0,0:0:0:0:
416,144,305761,2,0,L|344:161,1,70,8|0,0:0|0:0,0:0:0:0:
468,204,306261,2,0,L|396:221,1,70
324,240,306761,6,0,P|260:296|268:360,1,140,4|0,0:0|0:0,0:0:0:0:
336,316,307511,1,0,0:0:0:0:
396,272,307761,1,8,0:0:0:0:
465,268,308011,1,8,0:0:0:0:
462,199,308261,1,8,0:0:0:0:
393,203,308511,1,8,0:0:0:0:
332,164,308761,6,0,P|252:164|212:224,1,140,4|0,0:0|0:0,0:0:0:0:
200,276,309511,1,0,0:0:0:0:
144,224,309761,2,0,L|176:76,1,140,8|0,0:0|0:0,0:0:0:0:
188,16,310511,1,0,0:0:0:0:
244,68,310761,2,0,L|328:56,1,70,4|0,0:0|0:0,0:0:0:0:
236,140,311261,2,0,L|320:128,1,70
376,108,311761,6,0,P|376:160|300:208,1,140,8|0,0:0|0:0,0:0:0:0:
240,208,312511,1,0,0:0:0:0:
272,276,312761,2,0,L|128:304,1,140,4|0,0:0|0:0,0:0:0:0:
64,316,313511,1,0,0:0:0:0:
92,244,313761,2,0,L|116:156,1,70,8|0,0:0|0:0,0:0:0:0:
168,228,314261,2,0,L|192:140,1,70
224,24,314761,5,0,0:0:0:0:
224,24,315011,2,0,L|200:112,1,70,8|0,0:0|0:0,0:0:0:0:
148,39,315511,1,0,0:0:0:0:
148,39,315761,2,0,L|124:127,1,70,8|0,0:0|0:0,0:0:0:0:
72,54,316261,2,0,L|48:142,1,70,8|0,0:0|0:0,0:0:0:0:
32,200,316636,1,8,0:0:0:0:
32,200,316761,6,0,L|200:172,1,140,4|0,0:0|0:0,0:0:0:0:
244,160,317511,1,0,0:0:0:0:
216,236,317761,2,0,P|288:228|320:152,1,140,8|0,0:0|0:0,0:0:0:0:
296,104,318511,1,0,0:0:0:0:
372,120,318761,2,0,L|440:132,1,70,4|0,0:0|0:0,0:0:0:0:
348,44,319261,2,0,L|416:56,1,70
488,76,319761,6,0,L|504:236,1,140,8|0,0:0|0:0,0:0:0:0:
508,288,320511,1,0,0:0:0:0:
440,260,320761,2,0,P|352:264|328:312,1,140,4|0,0:0|0:0,0:0:0:0:
400,320,321511,1,0,0:0:0:0:
348,372,321761,2,0,L|272:376,1,70,8|0,0:0|0:0,0:0:0:0:
256,308,322261,2,0,L|180:312,1,70
148,376,322761,6,0,P|112:296|152:244,1,140,4|0,0:0|0:0,0:0:0:0:
152,184,323511,1,8,0:0:0:0:
152,184,323636,1,8,0:0:0:0:
152,184,323761,2,0,L|56:196,1,70,8|8,0:0|0:0,0:0:0:0:
100,120,324261,2,0,L|4:132,1,70,8|8,0:0|0:0,0:0:0:0:
56,44,324761,6,0,L|209:63,1,140,4|0,0:0|0:0,0:0:0:0:
272,72,325511,1,0,0:0:0:0:
224,136,325761,2,0,P|220:184|304:236,1,140,8|0,0:0|0:0,0:0:0:0:
356,216,326511,1,0,0:0:0:0:
336,288,326761,2,0,L|416:276,1,70,4|0,0:0|0:0,0:0:0:0:
320,360,327261,2,0,L|400:348,1,70
464,336,327761,6,0,P|484:268|440:208,1,140,8|0,0:0|0:0,0:0:0:0:
384,180,328511,1,0,0:0:0:0:
320,212,328761,2,0,L|180:236,1,140,4|0,0:0|0:0,0:0:0:0:
112,248,329511,1,0,0:0:0:0:
160,308,329761,2,0,L|140:384,1,70,8|0,0:0|0:0,0:0:0:0:
76,316,330261,2,0,L|56:392,1,70
28,240,330761,5,0,0:0:0:0:
28,240,331011,2,0,L|8:164,1,70,4|0,0:0|0:0,0:0:0:0:
112,248,331511,1,0,0:0:0:0:
112,248,331761,2,0,L|92:172,1,70,4|0,0:0|0:0,0:0:0:0:
196,256,332261,2,0,L|176:180,1,70,4|0,0:0|0:0,0:0:0:0:
280,264,332761,2,0,L|239:108,1,140,4|0,0:0|0:0,0:0:0:0:
196,72,333511,5,0,0:0:0:0:
196,72,333761,2,0,P|280:60|316:116,1,140,8|0,0:0|0:0,0:0:0:0:
328,168,334511,1,0,0:0:0:0:
384,112,334761,2,0,B|408:156|408:156|408:268,1,140,4|0,0:0|0:0,0:0:0:0:
352,300,335511,5,0,0:0:0:0:
352,300,335761,2,0,P|344:340|352:396,2,70,8|0|0,0:0|0:0|0:0,0:0:0:0:
408,245,336511,1,0,0:0:0:0:
490,225,336761,2,0,P|462:181|366:173,1,140,4|0,0:0|0:0,0:0:0:0:
304,200,337511,5,0,0:0:0:0:
228,144,337761,2,0,L|220:372,1,210,8|0,0:0|0:0,0:0:0:0:
148,340,338761,1,0,0:0:0:0:
148,340,339011,2,0,L|153:239,1,70,4|0,0:0|0:0,0:0:0:0:
68,308,339511,1,0,0:0:0:0:
68,308,339761,2,0,L|73:207,1,70,4|0,0:0|0:0,0:0:0:0:
132,196,340261,2,0,L|137:95,1,70,4|0,0:0|0:0,0:0:0:0:
140,53,340761,1,4,0:0:0:0:
140,53,341511,5,0,0:0:0:0:
144,56,341761,2,0,B|208:80|208:80|288:72,1,140,8|0,0:0|0:0,0:0:0:0:
352,44,342511,1,0,0:0:0:0:
424,26,342761,2,0,P|412:94|340:118,1,140,4|0,0:0|0:0,0:0:0:0:
280,152,343511,5,0,0:0:0:0:
280,152,343761,2,0,L|188:144,2,70,8|0|0,0:0|0:0|0:0,0:0:0:0:
351,121,344511,1,0,0:0:0:0:
434,215,344761,2,0,L|294:227,1,140,4|0,0:0|0:0,0:0:0:0:
228,264,345511,5,0,0:0:0:0:
228,264,345761,2,0,P|276:300|356:272,1,140,8|0,0:0|0:0,0:0:0:0:
388,216,346511,1,0,0:0:0:0:
294,227,346761,2,0,P|288:305|285:383,1,140,4|0,0:0|0:0,0:0:0:0:
180,364,347511,1,0,0:0:0:0:
180,364,347761,2,0,L|92:380,1,70,8|8,0:0|0:0,0:0:0:0:
132,296,348261,2,0,L|44:312,1,70,8|8,0:0|0:0,0:0:0:0:
64,308,348761,5,4,0:0:0:0:
